"","Anonym_Enfant","Cazotte_Diable","Cazotte_Honneur","Cazotte_Ollivier","Charriere_Caliste","Charriere_Femmes","Charriere_Lausanne","Charriere_Neuchateloises","Charriere_Noble","Diderot_Jacques","Diderot_Neveu","Diderot_Religieuse","Ducray_Cinquante","Ducray_Coelina","Ducray_Soirees","Ducray_Victor","Nerciat_Aphrodites","Nerciat_Doctorat","Nerciat_Etourdi","Nerciat_Felicia","Nerciat_Monrose","PigaultLebrun_Enfant","PigaultLebrun_Kinglin","Retif_AntiJustine","Retif_Paysan","Retif_Paysanne","Retif_Sara","Sade_120","Sade_Aline","Sade_Infortunes","Sade_Justine","Sade_Philosophie","Voltaire_Amabed","Voltaire_Candide","Voltaire_Eloge","Voltaire_Homme","Voltaire_Ingenu","Voltaire_Jenni","Voltaire_Micromegas","Voltaire_Princesse"
"Anonym_Enfant",0,0.874815328800508,1.05021069769088,0.94614549560158,1.07534827615481,1.16452917612227,1.25117745275758,1.094217532058,1.02134472266645,1.04559223480014,1.22053220937822,0.924022397669015,0.967091125151627,1.04904137696171,0.977247229337744,0.991788590681658,1.02088230801939,0.988373030687881,0.858287077262914,0.857739708625691,0.903728932366071,0.667854385191928,0.931602305653587,0.747495674033171,1.17090250889595,1.16928478932962,0.84159774445373,0.886650023220815,1.17201164168128,0.962799228024556,1.04557582073678,1.21665564039525,1.15839529099982,0.966688175166727,1.10296750750325,1.13443477581037,1.10636243689492,1.17880294243373,1.10136904798415,0.999905112240035
"Cazotte_Diable",0.874815328800508,0,0.713487393237586,0.655593567155844,1.00838867855517,1.09572293403392,1.12332396470768,1.08971666725367,1.06519907810905,1.04558639876814,1.04667117147456,0.911412776773154,1.08210124530632,0.997665310702047,1.00455066193618,0.936992942984295,1.05105333559146,0.95902014553419,0.915642436254484,0.969794527365167,1.00719771803159,0.863520812682227,1.12009527322005,1.05509665707979,1.03433928689719,1.0490476575843,0.977434327563851,1.12045734218232,0.995342157774664,0.93101695043682,0.940301568250797,1.06161426012997,1.06762904083101,1.16579833926613,1.13181805220442,1.21921404322334,1.16469394497395,1.11747542414856,1.13145202331907,1.11078461881678
"Cazotte_Honneur",1.05021069769088,0.713487393237586,0,0.645691646022361,1.08473059854369,1.0302134808941,1.10397460539304,1.19740415994898,1.06092617579677,1.04528336353269,1.04906143075245,1.02528197180815,0.991136628879577,0.913306686574349,0.974172535647714,0.880101738882457,0.928066397044695,1.00886075552251,0.936607826776885,1.01000179845728,0.987663726591339,1.10961316625913,1.10204419219048,1.12581975429273,1.00173071357492,1.03395017508138,1.10730146706432,1.10242612860422,0.976054259430214,1.01505243518914,0.983723807408801,0.957668780631055,1.06828016282178,1.15612570384576,1.10766954776413,1.15678847346543,1.05853827719292,1.10934250259352,1.13014890593347,1.09662252026043
"Cazotte_Ollivier",0.94614549560158,0.655593567155844,0.645691646022361,0,1.22312601215612,1.05423444628043,1.16656465758467,1.26032772377156,0.98996907745026,0.964926110017614,0.983474619796846,1.04901724407897,1.10990419268483,0.935935213402393,0.966639325522306,0.848202798664107,0.877295589041557,1.03288850388423,0.993254298707118,0.976422795768784,1.00755387027916,0.972907148380909,1.00035292045379,1.11922964206709,1.13753629439339,1.15170821579797,1.19883384944532,1.01851787926973,1.01978614039078,0.996248939908072,0.948642761823484,1.06831812531753,1.07710021281587,1.02429154150553,1.10748034528007,1.1406100295242,1.01756434968652,1.06848399655272,1.07288031157824,0.96964741181031
"Charriere_Caliste",1.07534827615481,1.00838867855517,1.08473059854369,1.22312601215612,0,0.825832266905981,0.706680135926234,0.727904723676551,0.904471507098391,1.11947698035057,1.08620249952062,0.879946931153473,0.911214333854842,1.03658707410377,1.04072090694125,1.06447248075705,1.1436048863778,1.01334362631416,0.971680659535948,0.90201757189668,0.965958823133324,1.05277350442871,1.1231915035226,1.07899074165739,1.00411567971966,0.936946713503806,0.763495334829523,1.15595777425758,1.05072075131079,1.02524965681375,1.15017099145806,1.19582032828329,1.10694070240984,1.12181390068804,1.06468607174637,1.11277682355877,1.09381966712775,1.12886735220109,1.11841545042776,1.11371254205324
"Charriere_Femmes",1.16452917612227,1.09572293403392,1.0302134808941,1.05423444628043,0.825832266905981,0,0.696426648541037,0.821148708408316,0.938632171201535,0.954550451802025,0.895326835878296,1.01417185496695,1.03822886307862,1.10132908434284,1.08417351998816,1.12655696620567,1.00385154007172,1.02875760103237,1.06483421360498,1.00770235191907,1.0324133944356,1.09105213271495,1.0561034534978,1.11909092275723,0.975533722989876,0.955072519239289,1.10852862256187,1.11743899551515,1.02409588790603,1.10070667949192,1.12870058303899,1.00285702852413,1.06629584181746,1.01166037883515,1.02404736886354,1.00302705956684,1.03584978766535,1.09159413990265,1.00387381648998,1.07390272453267
"Charriere_Lausanne",1.25117745275758,1.12332396470768,1.10397460539304,1.16656465758467,0.706680135926234,0.696426648541037,0,0.647589417275207,0.942832375335342,0.960080644193771,0.857068183800017,0.96891623983245,1.11470816269995,1.1603765306727,1.17947325146826,1.23940388958052,1.02911866966971,1.0831330696425,1.06062654454032,1.06525944313226,1.08920912194228,1.0981962506587,1.04443495800247,1.09920087490217,0.851243396651221,0.855671231633849,1.00760691311203,1.11389220469089,1.04762053299121,1.1686877184142,1.14174638865391,1.02035215139718,1.02184213393396,1.0844880974793,1.01730737746066,0.990652793595825,1.05272035082134,1.03280843909448,1.02101997859808,1.1070377371061
"Charriere_Neuchateloises",1.094217532058,1.08971666725367,1.19740415994898,1.26032772377156,0.727904723676551,0.821148708408316,0.647589417275207,0,1.00874833141041,0.965375619141973,0.949057767691607,0.918946442884871,1.08089252361097,1.13104824983852,1.09370262850163,1.1626765503771,1.01687918176002,0.986946267908591,1.09655960192631,1.08068605741437,1.0520966289718,1.05810643721964,1.11034558306062,1.02390888703375,0.824011506298495,0.802852165167182,0.927017965906745,1.11095969862483,1.12045002033508,1.13674018622949,1.19605073712031,1.12237611671283,0.945273766530296,1.06924689122865,1.01999185112518,1.05267384789465,1.07413669445127,1.07884052577269,1.06085720572024,1.1271125145763
"Charriere_Noble",1.02134472266645,1.06519907810905,1.06092617579677,0.98996907745026,0.904471507098391,0.938632171201535,0.942832375335342,1.00874833141041,0,1.10273539907913,1.07418890510455,1.00559862383054,1.01040432274526,1.04840257803652,1.05106217315424,1.06377686941269,1.11615179276548,1.05914711989661,0.966141023917594,0.999375304626579,1.0482418305452,1.01620655011025,0.96753999910313,1.02148095364436,1.09481112482687,1.07437506873052,0.925841630094223,1.04941779014887,1.1391122074682,1.12816600562014,1.15173863657278,1.17853333910866,1.10710593961863,1.01432406960423,1.05166058612625,1.11635611604996,0.916208705631417,1.09000434691642,1.02484229539392,0.951269124960965
"Diderot_Jacques",1.04559223480014,1.04558639876814,1.04528336353269,0.964926110017614,1.11947698035057,0.954550451802025,0.960080644193771,0.965375619141973,1.10273539907913,0,0.642821092890609,0.823089136371288,1.08787989483004,0.993871945418383,0.991279799652654,1.06712849739658,0.920891264653192,1.0692569987938,1.22468132972257,1.16136625548097,1.12496696108087,1.01110660610533,0.962141518785345,0.958234805177005,1.03792091151299,0.983295794198732,1.10336357381538,1.02758215856748,1.15715735817297,1.14826450096628,1.15039234118159,1.02391853598231,1.00645628763394,0.936573896232072,1.0738332659766,1.00373077365122,1.0091277236057,1.0249117257201,0.969964839452492,1.06136735259508
"Diderot_Neveu",1.22053220937822,1.04667117147456,1.04906143075245,0.983474619796846,1.08620249952062,0.895326835878296,0.857068183800017,0.949057767691607,1.07418890510455,0.642821092890609,0,0.874288805775882,1.19401602924565,1.08297546338502,1.10141076234865,1.15660172979157,0.931109731131888,1.09650397839554,1.17683291671867,1.19337426494974,1.16983953579848,1.0932202901567,0.977375211518614,1.0997937214234,1.03081831335353,1.03479417495766,1.22254830680197,1.03472685605622,1.05076929187606,1.15932331077034,1.08160287112269,0.901743181892076,0.961770278069923,0.956838735903841,0.981139339437697,0.861981217166253,1.03076900553919,0.899361235822063,0.872735546469495,1.06067604703029
"Diderot_Religieuse",0.924022397669015,0.911412776773154,1.02528197180815,1.04901724407897,0.879946931153473,1.01417185496695,0.96891623983245,0.918946442884871,1.00559862383054,0.823089136371288,0.874288805775882,0,1.05887038568917,1.04094789874921,1.07932072739103,1.05944267367169,1.15921363241146,1.06432598964698,0.979950230679277,1.08654212421215,1.11712935624607,0.831863116124843,1.17640956016858,0.993967410575606,1.0954485683509,1.033448794309,0.880368655095776,1.11376669608266,1.09474473976427,1.05213753573655,1.06152482340056,1.13613255661693,1.08930623318677,1.03729103002307,1.01779480353998,1.1197356283952,1.04107935243006,0.992277725209258,1.07628373723152,1.10106713989085
"Ducray_Cinquante",0.967091125151627,1.08210124530632,0.991136628879577,1.10990419268483,0.911214333854842,1.03822886307862,1.11470816269995,1.08089252361097,1.01040432274526,1.08787989483004,1.19401602924565,1.05887038568917,0,0.580669460045996,0.562477041232028,0.560593476992847,1.06126489664243,0.963990554546356,0.93250763006135,1.00661759602757,0.972388863274019,1.05045809149657,1.09018058642737,1.08775216936665,0.878626926757789,0.929718683264394,0.847604970037499,1.19375011932908,0.963897694748743,1.0043667932949,1.09894463663914,1.0508957253809,1.12545223097238,1.19053890282251,1.14103352134087,1.18465590730067,1.06504496291602,1.14575453065663,1.21814897165301,1.197543858129
"Ducray_Coelina",1.04904137696171,0.997665310702047,0.913306686574349,0.935935213402393,1.03658707410377,1.10132908434284,1.1603765306727,1.13104824983852,1.04840257803652,0.993871945418383,1.08297546338502,1.04094789874921,0.580669460045996,0,0.576666470228806,0.526167207796776,1.07271749105228,1.04824711630957,1.08437681412679,1.11849631440582,1.10112084892769,1.06327391055873,1.10343655520647,1.12792220560025,0.959086907559153,0.988659956348804,1.02851117148897,1.14841636546484,0.91108854261597,0.969846995722528,0.991690420543983,1.02600802684141,1.04495066127731,1.12780948951697,1.12120089645106,1.15429859096182,1.0589480058632,1.06508850297814,1.17032231120517,1.14096017320392
"Ducray_Soirees",0.977247229337744,1.00455066193618,0.974172535647714,0.966639325522306,1.04072090694125,1.08417351998816,1.17947325146826,1.09370262850163,1.05106217315424,0.991279799652654,1.10141076234865,1.07932072739103,0.562477041232028,0.576666470228806,0,0.505249512651738,1.05129381113495,1.06652369799951,1.05073249160732,1.04952176770945,1.04525047560463,1.00517630065389,1.04130543435157,1.07391370923263,0.932565122464313,0.942206131539028,0.984123426104615,1.07385757806124,0.993904549101112,0.974197260650504,1.04494236798111,1.0680862447967,1.10332589434584,1.1248152956296,1.16591315841404,1.14227253402609,1.03737485677102,1.10725951608057,1.21439106375785,1.13478435885565
"Ducray_Victor",0.991788590681658,0.936992942984295,0.880101738882457,0.848202798664107,1.06447248075705,1.12655696620567,1.23940388958052,1.1626765503771,1.06377686941269,1.06712849739658,1.15660172979157,1.05944267367169,0.560593476992847,0.526167207796776,0.505249512651738,0,1.05710581941577,1.0097105494988,1.00216961211319,1.04884687077465,1.05742921736367,1.04296090005795,1.12921174988833,1.13743262951218,0.961200619245897,1.01756855406553,0.975918464834846,1.15120361040222,0.84223186090201,0.887609398599821,0.911908407139038,1.01988920077294,1.06978547620681,1.17810415637224,1.15623147330273,1.24750721569447,1.08194480065724,1.08434140493161,1.2334973271599,1.14289751248933
"Nerciat_Aphrodites",1.02088230801939,1.05105333559146,0.928066397044695,0.877295589041557,1.1436048863778,1.00385154007172,1.02911866966971,1.01687918176002,1.11615179276548,0.920891264653192,0.931109731131888,1.15921363241146,1.06126489664243,1.07271749105228,1.05129381113495,1.05710581941577,0,0.753847443229399,1.08305750556584,0.817967985524915,0.57241020096186,1.10737594997705,0.983750169726618,0.998172319569295,0.961647870996622,0.975753622281735,1.16448845382261,0.948220220881412,1.08127225342298,1.1103267541784,1.01594933312355,0.965242990981421,1.07931844181899,1.0911592976574,1.11715561388633,1.05447351077564,1.11929526562682,1.13597328319791,0.996624753580375,1.12262357715282
"Nerciat_Doctorat",0.988373030687881,0.95902014553419,1.00886075552251,1.03288850388423,1.01334362631416,1.02875760103237,1.0831330696425,0.986946267908591,1.05914711989661,1.0692569987938,1.09650397839554,1.06432598964698,0.963990554546356,1.04824711630957,1.06652369799951,1.0097105494988,0.753847443229399,0,0.906969791575479,0.695415363269337,0.601497979148734,1.03089499031122,1.10373372632833,1.0386659916873,1.00174181023324,0.97254750988471,0.986000556257852,1.07687078972192,1.0262548058724,1.01610509767675,1.01399944923359,1.02278153159583,1.12766286085849,1.1130163433194,1.15176766308384,1.17958793338741,1.12712615666244,1.13139093550667,1.03228392470981,1.18645243061585
"Nerciat_Etourdi",0.858287077262914,0.915642436254484,0.936607826776885,0.993254298707118,0.971680659535948,1.06483421360498,1.06062654454032,1.09655960192631,0.966141023917594,1.22468132972257,1.17683291671867,0.979950230679277,0.93250763006135,1.08437681412679,1.05073249160732,1.00216961211319,1.08305750556584,0.906969791575479,0,0.79588763056065,0.880136350812793,0.957978474146918,1.08101144544494,1.05824342759411,0.939381346310358,1.02428730861611,0.819170010249057,1.07637063584643,0.963567957197322,0.934499434328076,0.971665846934944,1.04419246600816,1.11537983977903,1.17276563725051,1.07573330904283,1.09477887468383,1.07677355535223,1.14299995425284,1.15115920995772,1.05265115224627
"Nerciat_Felicia",0.857739708625691,0.969794527365167,1.01000179845728,0.976422795768784,0.90201757189668,1.00770235191907,1.06525944313226,1.08068605741437,0.999375304626579,1.16136625548097,1.19337426494974,1.08654212421215,1.00661759602757,1.11849631440582,1.04952176770945,1.04884687077465,0.817967985524915,0.695415363269337,0.79588763056065,0,0.425073671780226,0.912785817866424,0.941955691468082,1.03869168988556,1.09965387997918,1.09133815636312,0.875277441746738,1.00304676789714,1.02344529441815,0.974636527089769,1.02546958084361,1.12649527823459,1.21125725432472,1.12137509518764,1.14828990886572,1.1781776242449,1.05768966696878,1.18595394165066,1.11048934196977,1.1053583300888
"Nerciat_Monrose",0.903728932366071,1.00719771803159,0.987663726591339,1.00755387027916,0.965958823133324,1.0324133944356,1.08920912194228,1.0520966289718,1.0482418305452,1.12496696108087,1.16983953579848,1.11712935624607,0.972388863274019,1.10112084892769,1.04525047560463,1.05742921736367,0.57241020096186,0.601497979148734,0.880136350812793,0.425073671780226,0,1.00469460021959,1.01915343176279,1.05796299934148,1.07129912828421,1.07690538064383,0.933936003468203,0.980867178867655,1.01130617892343,0.978946953960941,1.031395045416,1.08941611513584,1.19031803506648,1.13867008003692,1.12809698929681,1.1553831800145,1.09021387988336,1.15283976397204,1.11998223103036,1.08487811993473
"PigaultLebrun_Enfant",0.667854385191928,0.863520812682227,1.10961316625913,0.972907148380909,1.05277350442871,1.09105213271495,1.0981962506587,1.05810643721964,1.01620655011025,1.01110660610533,1.0932202901567,0.831863116124843,1.05045809149657,1.06327391055873,1.00517630065389,1.04296090005795,1.10737594997705,1.03089499031122,0.957978474146918,0.912785817866424,1.00469460021959,0,0.79484390115676,0.893832337908973,1.20541148501096,1.19389065162829,0.914691820645729,0.981262125235589,1.12046190047776,1.03443041071838,1.05306193118371,1.22688547254152,1.08267108737592,0.92698077023164,1.04564006799181,1.06805730379299,1.00789513193405,1.09668945284586,1.05761983409658,0.979708148796085
"PigaultLebrun_Kinglin",0.931602305653587,1.12009527322005,1.10204419219048,1.00035292045379,1.1231915035226,1.0561034534978,1.04443495800247,1.11034558306062,0.96753999910313,0.962141518785345,0.977375211518614,1.17640956016858,1.09018058642737,1.10343655520647,1.04130543435157,1.12921174988833,0.983750169726618,1.10373372632833,1.08101144544494,0.941955691468082,1.01915343176279,0.79484390115676,0,0.973722491779176,1.15766132993106,1.18032548847356,1.09686630477584,0.859328917216635,1.09133612890666,1.0577954262329,1.06104864272146,1.12643841901955,1.0489468848009,0.890464808730317,0.983152483830939,0.913297948371788,0.883852907735021,1.033534338886,0.930816851854594,0.8933595976639
"Retif_AntiJustine",0.747495674033171,1.05509665707979,1.12581975429273,1.11922964206709,1.07899074165739,1.11909092275723,1.09920087490217,1.02390888703375,1.02148095364436,0.958234805177005,1.0997937214234,0.993967410575606,1.08775216936665,1.12792220560025,1.07391370923263,1.13743262951218,0.998172319569295,1.0386659916873,1.05824342759411,1.03869168988556,1.05796299934148,0.893832337908973,0.973722491779176,0,1.03201516636087,0.967626759758372,0.824946040026405,0.708191056074246,1.23283647901726,1.09429162634753,1.08386176641983,1.06810425503001,1.05397312877578,0.935135213024762,1.09221839370806,1.05511015278501,1.03027870133002,1.07301437052717,1.00742995053536,0.97476260088089
"Retif_Paysan",1.17090250889595,1.03433928689719,1.00173071357492,1.13753629439339,1.00411567971966,0.975533722989876,0.851243396651221,0.824011506298495,1.09481112482687,1.03792091151299,1.03081831335353,1.0954485683509,0.878626926757789,0.959086907559153,0.932565122464313,0.961200619245897,0.961647870996622,1.00174181023324,0.939381346310358,1.09965387997918,1.07129912828421,1.20541148501096,1.15766132993106,1.03201516636087,0,0.25615229686508,0.836015045239465,1.17382872932241,0.948716713700065,1.09412174916657,1.06733829660836,0.88843842403848,0.94808186482225,1.22717329389921,1.14712195328112,1.08835810411922,1.1568935575459,1.04539232632547,1.16249343462638,1.2349408188885
"Retif_Paysanne",1.16928478932962,1.0490476575843,1.03395017508138,1.15170821579797,0.936946713503806,0.955072519239289,0.855671231633849,0.802852165167182,1.07437506873052,0.983295794198732,1.03479417495766,1.033448794309,0.929718683264394,0.988659956348804,0.942206131539028,1.01756855406553,0.975753622281735,0.97254750988471,1.02428730861611,1.09133815636312,1.07690538064383,1.19389065162829,1.18032548847356,0.967626759758372,0.25615229686508,0,0.806813734513262,1.14925153933924,1.04386219550797,1.10883983417418,1.12251092512652,0.955113668436795,0.943506994412487,1.1809304766674,1.16109237991779,1.11633884421019,1.09341212468275,1.04184421267164,1.16715872780173,1.19830494687071
"Retif_Sara",0.84159774445373,0.977434327563851,1.10730146706432,1.19883384944532,0.763495334829523,1.10852862256187,1.00760691311203,0.927017965906745,0.925841630094223,1.10336357381538,1.22254830680197,0.880368655095776,0.847604970037499,1.02851117148897,0.984123426104615,0.975918464834846,1.16448845382261,0.986000556257852,0.819170010249057,0.875277441746738,0.933936003468203,0.914691820645729,1.09686630477584,0.824946040026405,0.836015045239465,0.806813734513262,0,1.04216639953499,1.05506360129725,0.975908865428322,1.08371487450717,1.23988930413655,1.15924834866237,1.15338690597424,1.15104542823568,1.19668496904124,1.09148178691933,1.22367718451218,1.20300721643778,1.12039506508126
"Sade_120",0.886650023220815,1.12045734218232,1.10242612860422,1.01851787926973,1.15595777425758,1.11743899551515,1.11389220469089,1.11095969862483,1.04941779014887,1.02758215856748,1.03472685605622,1.11376669608266,1.19375011932908,1.14841636546484,1.07385757806124,1.15120361040222,0.948220220881412,1.07687078972192,1.07637063584643,1.00304676789714,0.980867178867655,0.981262125235589,0.859328917216635,0.708191056074246,1.17382872932241,1.14925153933924,1.04216639953499,0,0.959792618182159,0.841404647731428,0.783150304572012,0.933654314394174,1.08576569648797,0.952098330478059,1.03137720070187,0.942965077012644,1.05806312990658,1.07465958871012,0.942144025422287,0.946294223330265
"Sade_Aline",1.17201164168128,0.995342157774664,0.976054259430214,1.01978614039078,1.05072075131079,1.02409588790603,1.04762053299121,1.12045002033508,1.1391122074682,1.15715735817297,1.05076929187606,1.09474473976427,0.963897694748743,0.91108854261597,0.993904549101112,0.84223186090201,1.08127225342298,1.0262548058724,0.963567957197322,1.02344529441815,1.01130617892343,1.12046190047776,1.09133612890666,1.23283647901726,0.948716713700065,1.04386219550797,1.05506360129725,0.959792618182159,0,0.523258330173889,0.469484718033858,0.616209105364325,1.04756732433074,1.22475683026869,1.02811396427625,1.0765046592216,1.15844921530339,0.986231258746399,1.09344280915029,1.16932148069636
"Sade_Infortunes",0.962799228024556,0.93101695043682,1.01505243518914,0.996248939908072,1.02524965681375,1.10070667949192,1.1686877184142,1.13674018622949,1.12816600562014,1.14826450096628,1.15932331077034,1.05213753573655,1.0043667932949,0.969846995722528,0.974197260650504,0.887609398599821,1.1103267541784,1.01610509767675,0.934499434328076,0.974636527089769,0.978946953960941,1.03443041071838,1.0577954262329,1.09429162634753,1.09412174916657,1.10883983417418,0.975908865428322,0.841404647731428,0.523258330173889,0,0.303207532551561,0.849185439338388,1.10879489167378,1.1545789672002,1.0972807531534,1.07916782466909,1.17083178537657,1.05643064015166,1.13807616894692,1.12328548258121
"Sade_Justine",1.04557582073678,0.940301568250797,0.983723807408801,0.948642761823484,1.15017099145806,1.12870058303899,1.14174638865391,1.19605073712031,1.15173863657278,1.15039234118159,1.08160287112269,1.06152482340056,1.09894463663914,0.991690420543983,1.04494236798111,0.911908407139038,1.01594933312355,1.01399944923359,0.971665846934944,1.02546958084361,1.031395045416,1.05306193118371,1.06104864272146,1.08386176641983,1.06733829660836,1.12251092512652,1.08371487450717,0.783150304572012,0.469484718033858,0.303207532551561,0,0.605197278544507,1.06662227935087,1.17916557129714,1.06825401658573,1.04883403697508,1.17473114215944,1.03441170060006,1.09653899385546,1.1422079635494
"Sade_Philosophie",1.21665564039525,1.06161426012997,0.957668780631055,1.06831812531753,1.19582032828329,1.00285702852413,1.02035215139718,1.12237611671283,1.17853333910866,1.02391853598231,0.901743181892076,1.13613255661693,1.0508957253809,1.02600802684141,1.0680862447967,1.01988920077294,0.965242990981421,1.02278153159583,1.04419246600816,1.12649527823459,1.08941611513584,1.22688547254152,1.12643841901955,1.06810425503001,0.88843842403848,0.955113668436795,1.23988930413655,0.933654314394174,0.616209105364325,0.849185439338388,0.605197278544507,0,0.981369377313719,1.12977294113213,0.96015169325878,0.927725086215154,1.11403432423456,0.90121366436004,1.006717783268,1.13729131509199
"Voltaire_Amabed",1.15839529099982,1.06762904083101,1.06828016282178,1.07710021281587,1.10694070240984,1.06629584181746,1.02184213393396,0.945273766530296,1.10710593961863,1.00645628763394,0.961770278069923,1.08930623318677,1.12545223097238,1.04495066127731,1.10332589434584,1.06978547620681,1.07931844181899,1.12766286085849,1.11537983977903,1.21125725432472,1.19031803506648,1.08267108737592,1.0489468848009,1.05397312877578,0.94808186482225,0.943506994412487,1.15924834866237,1.08576569648797,1.04756732433074,1.10879489167378,1.06662227935087,0.981369377313719,0,0.845318815466507,0.919175338987049,0.790208221391109,0.929723459178965,0.773382889290591,0.903056127143525,0.838956369785147
"Voltaire_Candide",0.966688175166727,1.16579833926613,1.15612570384576,1.02429154150553,1.12181390068804,1.01166037883515,1.0844880974793,1.06924689122865,1.01432406960423,0.936573896232072,0.956838735903841,1.03729103002307,1.19053890282251,1.12780948951697,1.1248152956296,1.17810415637224,1.0911592976574,1.1130163433194,1.17276563725051,1.12137509518764,1.13867008003692,0.92698077023164,0.890464808730317,0.935135213024762,1.22717329389921,1.1809304766674,1.15338690597424,0.952098330478059,1.22475683026869,1.1545789672002,1.17916557129714,1.12977294113213,0.845318815466507,0,0.865811047469197,0.718384787505842,0.764650757462574,0.822577105787247,0.791658254509534,0.668435672714245
"Voltaire_Eloge",1.10296750750325,1.13181805220442,1.10766954776413,1.10748034528007,1.06468607174637,1.02404736886354,1.01730737746066,1.01999185112518,1.05166058612625,1.0738332659766,0.981139339437697,1.01779480353998,1.14103352134087,1.12120089645106,1.16591315841404,1.15623147330273,1.11715561388633,1.15176766308384,1.07573330904283,1.14828990886572,1.12809698929681,1.04564006799181,0.983152483830939,1.09221839370806,1.14712195328112,1.16109237991779,1.15104542823568,1.03137720070187,1.02811396427625,1.0972807531534,1.06825401658573,0.96015169325878,0.919175338987049,0.865811047469197,0,0.820958571066003,0.919217423515982,0.853682544894511,0.902066649142054,0.827045707437415
"Voltaire_Homme",1.13443477581037,1.21921404322334,1.15678847346543,1.1406100295242,1.11277682355877,1.00302705956684,0.990652793595825,1.05267384789465,1.11635611604996,1.00373077365122,0.861981217166253,1.1197356283952,1.18465590730067,1.15429859096182,1.14227253402609,1.24750721569447,1.05447351077564,1.17958793338741,1.09477887468383,1.1781776242449,1.1553831800145,1.06805730379299,0.913297948371788,1.05511015278501,1.08835810411922,1.11633884421019,1.19668496904124,0.942965077012644,1.0765046592216,1.07916782466909,1.04883403697508,0.927725086215154,0.790208221391109,0.718384787505842,0.820958571066003,0,0.855087207216996,0.788769134163078,0.79083214883197,0.762831802445672
"Voltaire_Ingenu",1.10636243689492,1.16469394497395,1.05853827719292,1.01756434968652,1.09381966712775,1.03584978766535,1.05272035082134,1.07413669445127,0.916208705631417,1.0091277236057,1.03076900553919,1.04107935243006,1.06504496291602,1.0589480058632,1.03737485677102,1.08194480065724,1.11929526562682,1.12712615666244,1.07677355535223,1.05768966696878,1.09021387988336,1.00789513193405,0.883852907735021,1.03027870133002,1.1568935575459,1.09341212468275,1.09148178691933,1.05806312990658,1.15844921530339,1.17083178537657,1.17473114215944,1.11403432423456,0.929723459178965,0.764650757462574,0.919217423515982,0.855087207216996,0,0.815147588035915,0.916216442193355,0.715208119150544
"Voltaire_Jenni",1.17880294243373,1.11747542414856,1.10934250259352,1.06848399655272,1.12886735220109,1.09159413990265,1.03280843909448,1.07884052577269,1.09000434691642,1.0249117257201,0.899361235822063,0.992277725209258,1.14575453065663,1.06508850297814,1.10725951608057,1.08434140493161,1.13597328319791,1.13139093550667,1.14299995425284,1.18595394165066,1.15283976397204,1.09668945284586,1.033534338886,1.07301437052717,1.04539232632547,1.04184421267164,1.22367718451218,1.07465958871012,0.986231258746399,1.05643064015166,1.03441170060006,0.90121366436004,0.773382889290591,0.822577105787247,0.853682544894511,0.788769134163078,0.815147588035915,0,0.814686161249559,0.764192301712375
"Voltaire_Micromegas",1.10136904798415,1.13145202331907,1.13014890593347,1.07288031157824,1.11841545042776,1.00387381648998,1.02101997859808,1.06085720572024,1.02484229539392,0.969964839452492,0.872735546469495,1.07628373723152,1.21814897165301,1.17032231120517,1.21439106375785,1.2334973271599,0.996624753580375,1.03228392470981,1.15115920995772,1.11048934196977,1.11998223103036,1.05761983409658,0.930816851854594,1.00742995053536,1.16249343462638,1.16715872780173,1.20300721643778,0.942144025422287,1.09344280915029,1.13807616894692,1.09653899385546,1.006717783268,0.903056127143525,0.791658254509534,0.902066649142054,0.79083214883197,0.916216442193355,0.814686161249559,0,0.844596655687124
"Voltaire_Princesse",0.999905112240035,1.11078461881678,1.09662252026043,0.96964741181031,1.11371254205324,1.07390272453267,1.1070377371061,1.1271125145763,0.951269124960965,1.06136735259508,1.06067604703029,1.10106713989085,1.197543858129,1.14096017320392,1.13478435885565,1.14289751248933,1.12262357715282,1.18645243061585,1.05265115224627,1.1053583300888,1.08487811993473,0.979708148796085,0.8933595976639,0.97476260088089,1.2349408188885,1.19830494687071,1.12039506508126,0.946294223330265,1.16932148069636,1.12328548258121,1.1422079635494,1.13729131509199,0.838956369785147,0.668435672714245,0.827045707437415,0.762831802445672,0.715208119150544,0.764192301712375,0.844596655687124,0
