"","Anonym_Enfant","Arnaud_Adelson","Arnaud_Anne","Arnaud_Bal","Arnaud_Batilde","Arnaud_Clary","Arnaud_Epoux","Arnaud_Fanny","Arnaud_Julie","Arnaud_Matinees","Arnaud_Nancy","Arnaud_Sargines","Arnaud_Selicourt","Arnaud_Sidney","Arnaud_Zenothemis","Beaumont_Belle","Beaumont_Clarice","Beaumont_Prince","Cazotte_Diable","Cazotte_Honneur","Cazotte_Ollivier","Charriere_Caliste","Charriere_Femmes","Charriere_Lausanne","Charriere_Neuchateloises","Charriere_Noble","Charriere_Observations","Charriere_Ruines","Charriere_Sainte","Crebillon_Atheniennes","Crebillon_Conte","Crebillon_Nuit","Diderot_Jacques","Diderot_Neveu","Diderot_Oiseau","Diderot_Pensees","Diderot_Religieuse","Diderot_Supplement","Ducray_Cinquante","Ducray_Coelina","Ducray_Soirees","Ducray_Victor","Duvernet_Devotions","Duvernet_Guillaume","Duvernet_Retraite","Florian_Estelle","Florian_Galatee","Florian_Numa","Genlis_Adele","Genlis_Chevaliers","Genlis_Emigres","Genlis_Meres","Loaisel_Ainsi","Loaisel_Comtesse","Marmontel_Belisaire","Marmontel_Contes","Marmontel_Dejeunes","Marmontel_Incas","Mercier_An","Mercier_Jezennemours","Mercier_Songes","Nerciat_Aphrodites","Nerciat_Doctorat","Nerciat_Felicia","Nerciat_Monrose","PigaultLebrun_Adele","PigaultLebrun_Enfant","PigaultLebrun_Kinglin","PigaultLebrun_Metusko","Retif_AntiJustine","Retif_Paysan","Retif_Paysanne","Retif_Sara","Retif_Vie","Riccoboni_Ernestine","Riccoboni_Histoire","Riccoboni_LettreJuliette","Riccoboni_LettresAdelaide","Riccoboni_LettresFanni","Riccoboni_MissJenny","Riccoboni_MylordRivers","Rousseau_Emile","Rousseau_Julie","Rousseau_Reine","Rousseau_Reveries","Sade_120","Sade_Aline","Sade_Crimes","Sade_Infortunes","Sade_Justine","Sade_Philosophie","Voltaire_Amabed","Voltaire_Candide","Voltaire_Consoles","Voltaire_Eloge","Voltaire_Homme","Voltaire_Ingenu","Voltaire_Jenni","Voltaire_Micromegas","Voltaire_Oreilles","Voltaire_Princesse","Voltaire_Scarmentado","Voltaire_Songe","Voltaire_Taureau","XXX_Etourdi"
"Anonym_Enfant",0,1.06931320597348,1.11877829297007,0.973895764256635,1.12570682017081,1.10231450546236,1.12219035705945,1.1077214552021,1.09915493272511,1.14711332667859,1.08460909560549,1.05412607328499,1.13168856719275,1.12768811902044,1.15377439660012,0.959692373105214,0.983022456987142,0.999651755201526,0.843115683192974,1.0205335847289,0.944160486482343,0.954136438383508,1.03181037378177,1.09002711465442,0.972867411793165,0.993963337175305,1.06973438253604,1.04408021908884,1.01356082669112,1.19038819976494,1.08850579604089,1.08448129408734,0.945258329437385,1.07848299118294,0.90154065577577,1.14581007500162,0.844374199461645,1.09637898235349,0.901830782034192,0.987947341203192,0.902595861639407,0.962538347238016,0.998461524776825,1.09560793467953,0.964797077398759,0.971476509823717,0.910331857717663,1.0629468407747,1.01600922732554,0.857013487601064,0.879890414718694,0.94254274571322,1.05234674873229,0.997772346651134,1.18480757332215,1.1280824551676,0.885362035706054,1.11866283736655,1.0772051830858,0.967427354176269,1.02996866484857,0.888984943830553,0.895991110636147,0.752890458740678,0.821019481968967,0.973235802765942,0.650661620108511,0.887944082083943,1.0089505566593,0.661471287639373,1.01396225712896,1.00612516069787,0.794089770606529,0.986127737953284,1.01362866702497,1.02805528230176,1.10302156124939,1.09561838945281,1.13012572829395,0.973717071862184,1.12417836086197,1.21017179989708,1.19213239910683,1.02621863876159,1.05616830962528,0.800153876959113,0.993786870399309,1.08216004596191,0.86221291381252,0.901776001380408,1.05549578900123,1.03988387172687,0.912390082494529,1.00653557418011,1.04920775865566,1.0264470253059,1.02100835034518,1.04675772166812,0.978780256912056,1.04734335463092,0.943184138404899,0.937769953820448,1.04025253507507,0.999506652156731,0.794199648050019
"Arnaud_Adelson",1.06931320597348,0,0.626070301028648,0.845129227060841,0.670188756637739,0.713153543293643,0.557433221761422,0.637294119443917,0.768681159288535,0.610598051252277,0.671094696547241,0.777453405372297,0.611569773652114,0.689001197115781,0.680812148598493,1.04501408177157,1.0925391154213,1.04813459399638,0.996629063824922,0.933216117513878,0.939462367583957,1.1091954817266,1.14934891501298,1.16863088987145,1.18325353243322,1.05855877915844,1.12245151909854,1.10646824867689,1.17661762680606,1.04860212708095,1.12306938159619,1.07890619864556,1.12352624213409,1.1548086692127,1.16401418251517,1.08535718489375,1.06982662207888,1.0836320621985,0.971662317665655,0.916447278481662,1.01026072148063,0.848727608993376,1.16315396742504,1.12640322191473,1.11539557649086,0.891132906498603,0.923059765265348,0.883268408122747,1.09152035084647,0.930030020895137,1.14669342181724,1.04845898002494,0.963555415545542,0.752248898669431,1.03821559005129,1.03436630052366,1.03862316024509,0.896183933313752,1.05747724860203,0.865947133831222,0.929534814761352,1.11039318211626,1.0702720422169,1.09325870926609,1.11491536017358,1.0997268551125,1.11755767556296,1.17099562968157,0.891946064278352,1.12903003333599,1.0860496956394,1.10444749047198,1.05399784663632,1.19072275448014,0.951166962720968,0.983694330422514,0.917995100325874,0.919911230905403,0.953797074709991,0.897463594668106,0.966159322730267,1.16182695169621,1.00961192721299,1.14035444284622,1.07830254994089,1.1397547874237,1.06202384247483,0.863361796561509,1.03053624815721,0.999289121618159,1.07075620047337,1.11206077527154,1.17311568538521,1.09954821896421,1.13979157239895,1.21168432271201,1.10306029877645,1.14581446594251,1.15372469355928,1.14345579079715,1.14597881877782,1.14543922084538,1.14446454245883,1.13016116387564,1.06769862254287
"Arnaud_Anne",1.11877829297007,0.626070301028648,0,0.932596726546616,0.695866080892436,0.64752643310756,0.579057679373002,0.599648710918868,0.652839973292237,0.697697623013991,0.65043613763974,0.80646925320626,0.705763635893522,0.617141370810305,0.695616495683028,1.07394327391092,1.05209544725605,1.01496842342547,1.06543456841441,0.986398930257583,1.02461111398552,1.11262405070859,1.13263345922775,1.13366311131956,1.15432856336127,1.05386631031462,1.11657018072464,1.07809132142203,1.14047898401834,1.03553159010807,1.12141218465899,1.08929950913406,1.1156189997012,1.14939718916314,1.16176032364426,1.07673676300408,1.0274176277424,1.01952982865015,0.965723407477496,0.963706377149774,1.02691930075361,0.903836238742341,1.11644600020253,1.0873268392523,1.07318248429808,0.917433219510738,0.965189868357573,0.866898842155384,1.08943726851485,1.03217539871284,1.17007447589115,1.08996512529994,0.987325130893769,0.731820553322905,0.985476157744291,1.03196251546992,1.06523437976773,0.90405598743885,1.0275622522356,0.899040990035314,0.885192637794905,1.15807486233521,1.10711859324341,1.18574435436948,1.20137631893686,1.07785447296823,1.14761617196927,1.17350298979601,0.900456527743808,1.16476546561557,1.10404051469845,1.11256843826344,1.14347643971773,1.10043212252393,0.957615870605099,0.972995924432229,0.958478126281413,0.986737002931381,0.962645535475185,0.897473857841135,1.00893217284979,1.07863633507561,1.00919296423286,1.08315720571117,1.1042158096933,1.17284741955342,1.05905401447519,0.910574916654932,1.06453237254242,1.01130585577362,1.02212186308393,1.09072642227817,1.17340347833808,1.07923916991446,1.09660608557679,1.13949809485342,1.10374520084432,1.09102956563864,1.14779347988878,1.10861812554746,1.17489423282677,1.15096409136099,1.09810064554377,1.11280027881315,1.10181616878858
"Arnaud_Bal",0.973895764256635,0.845129227060841,0.932596726546616,0,0.871829656832005,0.905385561273243,0.747542644506741,0.82103521348824,0.902017582414555,0.855368581975718,0.89201604260338,0.924717445659497,0.821354743979392,0.880519931769565,0.981642810663039,1.01159340266678,1.10878320484925,1.05299387640006,1.06058462170973,0.995418870033814,1.05831766366361,1.09402758864221,1.05254246397534,1.08073106190622,1.07722224185063,1.02916633178643,1.04392023030369,1.07466620257495,1.06644673305073,0.981225218571542,0.950062388600524,0.965888498778299,0.999801299716588,1.05241808666019,0.965516854026116,1.07782192324115,1.10068255060654,1.04789899372068,0.975566689287281,1.02291458160186,1.04553752069471,1.0095865175944,1.04464233949031,1.09656985153982,1.03182779228011,0.998159955432911,1.00763379443581,1.04662231278524,1.04935106372894,1.02289997182576,1.12625212044357,1.06183802876166,0.981302632530254,0.977700324281685,1.06499685347462,0.865540703982446,1.03610380230464,1.0277388058459,1.11017270730402,0.962391851688965,1.01892570855157,0.966183716847388,0.981781506933659,0.913600000846227,1.02379628326801,1.00761076906417,1.08379027417653,1.06010433200812,0.964128241398109,0.968118687641745,1.00729056463433,1.03321012837915,0.968551193182689,1.08996270288963,0.935083788197333,0.901036187161064,0.976779779982671,0.954079121200453,0.881225784666353,0.999769448265256,0.98059034617475,1.07649306970977,0.99631672095709,1.02227677380606,1.07384455233436,1.01844559742201,1.07659495567649,0.967035808235707,1.08407279129367,1.05545032677893,1.01099974134312,1.06579227632028,1.08140171381691,1.04250084299151,1.09573858483517,1.10219280752601,1.02654583823681,1.11054791480285,1.0697348383105,1.10721340610957,1.08510085713831,1.1327234087539,1.07656332971761,1.09213388521143,0.937762004396587
"Arnaud_Batilde",1.12570682017081,0.670188756637739,0.695866080892436,0.871829656832005,0,0.750299005723532,0.616491995939018,0.740205427683723,0.789327142419357,0.675679634207012,0.760348692961103,0.793966128059269,0.633976868497778,0.696526552992847,0.681619147416138,1.11296915925814,1.06901676057441,1.05126929022316,0.967550972992081,0.922044358504323,1.00748923900034,1.11163626993047,1.1400458918812,1.13282078987621,1.15089789117482,1.02756201221217,1.07209651364773,1.10176124219899,1.18165026798143,0.9333295267394,1.04345888224438,1.03351915188279,1.16830252594398,1.17466192595103,1.12565618471087,1.07539689702324,1.05558092826831,1.07781417488358,0.992474083301002,0.979957920406602,1.0950973497839,0.965038697026894,1.10184819425808,1.08524486264639,1.07053198041839,0.913018723760312,0.949670332126365,0.834954185033991,1.03069580076358,0.952760592395855,1.16398057503043,1.03670772336492,0.960769886575449,0.856504432299117,0.935196057577555,0.908693976877561,1.01639452655361,0.91407404791607,1.0288597832728,0.910226306064722,0.933610147677903,1.15937420365935,1.10853535479119,1.17385796000707,1.20099433493949,1.10739491964175,1.18073926954206,1.20889172882262,0.889517933399948,1.16287734378474,1.06275054595404,1.08702085087519,1.11111164709123,1.12732873912068,0.900015772254914,0.941889455867349,0.885743390523993,0.897383121209017,0.903997913788992,0.853541617114349,0.933694568235555,1.10548376302239,0.967861008137885,1.09346479336327,1.10638478064061,1.2188012830985,1.07667725607408,0.943094437194898,1.12889958811747,1.0757756635961,1.05095886711106,1.10561959644442,1.2086858954972,1.08107593666007,1.10965762350546,1.18766561854773,1.16056922535463,1.16504528816804,1.16948721689352,1.1254911658199,1.15918340115985,1.10207168525677,1.10241291302292,1.08088824821,1.09649465350081
"Arnaud_Clary",1.10231450546236,0.713153543293643,0.64752643310756,0.905385561273243,0.750299005723532,0,0.611365479462183,0.674038214401974,0.671080078739616,0.731219369718458,0.748399727805821,0.874345269490914,0.70895807727415,0.668087539587023,0.755213054851083,1.09593734911952,1.02194536824116,1.11521871395823,1.0020526924007,0.977361293980867,1.0550979776615,1.08333177348805,1.12714252748762,1.1220751303395,1.11196343949211,1.06822027340762,1.10851607459606,1.08858237570838,1.17536090209654,1.04040074874713,1.15498796882234,1.05035296441627,1.10652359268628,1.14924919450904,1.14908249199805,1.07630173194957,1.04557927673463,1.05345870388761,0.963676080067777,0.989021478850571,1.01785183280694,0.91945614305941,1.12123065138112,1.10087454916503,1.08921528170078,0.960460342753716,0.955399983758625,0.921462907942109,1.02237209089749,0.982321022281078,1.07177656235052,1.01874892489122,0.957881766872886,0.888382247076184,0.997524331778244,0.952629088575518,1.02608941047727,0.961344340393668,1.02273233363114,0.889081902878142,0.925349150193548,1.14580665101973,1.05505483229062,1.10380576123532,1.12628105328067,1.11726814593407,1.09777266744519,1.2044797065111,0.992331450494719,1.10996677681357,0.994834669521479,1.03074214536062,1.0266793692598,1.07577034151742,0.94318581458174,0.990370476977181,0.920041210493368,0.949044627695866,0.90647774494455,0.887026289987143,0.943136126102926,1.07712474971851,0.922312528453562,1.13959769195892,1.04770731601933,1.18664020232724,1.03660527820449,0.94328902749179,1.01236562565295,1.01532236895463,1.03663199697327,1.07060199374426,1.15654328321075,1.08574610662781,1.08755924345116,1.14468504228135,1.12055770935927,1.10410150852726,1.13517442769858,1.11255514631177,1.16802407757897,1.11226970005633,1.09340413138253,1.13734016002478,1.0395958647534
"Arnaud_Epoux",1.12219035705945,0.557433221761422,0.579057679373002,0.747542644506741,0.616491995939018,0.611365479462183,0,0.664254146916957,0.729459783947588,0.526285095045435,0.69138678957498,0.817548356478639,0.577581284551125,0.578508583586958,0.690638613555835,1.13490759725868,1.02925554667423,1.1115470475398,0.985509212836142,0.978276769541013,1.11061581370808,1.05262733614043,1.13544671176753,1.13838803362986,1.11255553138279,1.1209013842644,1.1214669218867,1.09705970471112,1.19300049859405,0.914561460657023,1.05571293312638,0.959263386369293,1.17825092261962,1.18400821454536,1.20009085644967,1.06626712353299,1.06402721614375,1.06800402827391,0.945495558384485,0.954499625908393,1.02586412680652,0.880615652933781,1.1843079627971,1.14634031799724,1.1783618509362,0.97243158703015,0.978124723136645,0.955760236964251,1.04610400555054,0.969989626524641,1.13988138713224,1.03825441362899,0.938526346880425,0.833523623983301,1.02033965704386,0.951609781796607,1.02781916442856,0.968827268753873,1.09147764979935,0.842136328830775,0.927556180232658,1.1294813223625,1.03041063479486,1.07831440232061,1.12966760679985,1.13795825118024,1.15299652542229,1.24346707550386,0.989977298644943,1.14261824736715,1.00805256432652,1.0685599734131,1.02381622126559,1.17180040908051,0.947385597597224,0.952387286883169,0.875011756819807,0.886096055075619,0.829876657551369,0.867106882693127,0.950890765090423,1.11396329395692,0.892266956714082,1.15095876052692,0.998947428266993,1.22939697320427,1.00246726315232,0.883559602931605,1.02351237195114,0.998651733424719,1.01038821093037,1.0889140973164,1.2344963392336,1.12994297029908,1.13947266817544,1.20373537491915,1.14545608049171,1.1568899008071,1.18823506558989,1.14197893189005,1.25411164810767,1.15520938193471,1.16055633979944,1.18481537399098,1.03563541750342
"Arnaud_Fanny",1.1077214552021,0.637294119443917,0.599648710918868,0.82103521348824,0.740205427683723,0.674038214401974,0.664254146916957,0,0.737899271932067,0.70569011291135,0.696544571730505,0.797338960727252,0.763431794623489,0.689799273905257,0.730752699229559,1.04935814898576,1.06145620825813,1.04419784067612,1.06483651202577,0.988888347556865,1.01995535679386,1.12038513652746,1.15682690904567,1.14493678943707,1.17158913125278,1.0463487239969,1.0955914185989,1.06646575186093,1.13888464498915,1.14592426961154,1.16703525340082,1.11580652132355,1.03168166648611,1.06700035646637,1.13643038928127,1.08503992350087,1.12441817355328,1.0006432800693,0.988901010974786,0.956651074105,0.984858886332793,0.9256504190683,1.06547891344117,1.04957310394434,1.04816949514493,0.94469516514738,0.957903096633644,0.87094192427116,1.11984265555157,1.03041073030543,1.11475895567478,1.08506828847713,1.03551961144836,0.821289872036541,0.992413072091404,0.984144289944108,1.02269821326933,0.907229806254815,1.01696094814847,0.943949894061999,0.907032084338968,1.07812656316861,1.07310326028652,1.12469317175223,1.13025531435112,1.06881675184727,1.14747395673615,1.12956861781987,0.920309992425895,1.0623542609837,1.04568723924821,1.05265608662211,1.10178922152894,1.03701665809009,1.00267194322492,1.0443036918942,1.05437126723946,1.03814082789803,0.991397406188693,1.00984601662437,1.04271326683861,1.12280546401566,1.04765483754702,1.09125195270105,1.15510012924735,1.13226934762293,1.09271077711038,0.912096951763859,1.07009178018709,1.03656191188685,1.03784039111033,1.04518912695109,1.09835527957409,1.06691821017671,1.09756215664972,1.11177845682537,1.04897476282785,1.0774027667209,1.13790314521008,1.08178012519297,1.05726673085541,1.09104939106596,1.08770880495293,1.07304964624275,1.10834768025475
"Arnaud_Julie",1.09915493272511,0.768681159288535,0.652839973292237,0.902017582414555,0.789327142419357,0.671080078739616,0.729459783947588,0.737899271932067,0,0.758221245003261,0.736588932449904,0.825498687193238,0.82292271241214,0.708897727182331,0.729688509022818,1.09132911104102,1.04306124097868,1.04208577240358,1.04320809439066,1.00018272392456,1.052217663375,1.13143821045539,1.1333759967741,1.12189792865181,1.18234559903956,1.04138733398962,1.0549037498953,1.10333423459834,1.165522204929,1.03034278332677,1.0789410431495,1.0823172242062,1.15549319447303,1.08596812018028,1.12949782107763,1.03893770177044,1.08974965804274,1.02151760580752,1.00078501656008,1.03245509127816,1.07464268677403,0.989863701659317,1.08407074051442,1.07853154906021,1.01884562881962,1.0249593559382,1.0708881913457,0.985960354174622,1.00396712131443,1.01885961323986,1.12480058096133,1.02732401829385,0.949949070549864,0.835414416322628,0.953537413099588,0.919714967322875,1.07961613095825,0.962760789067246,0.943139456564657,0.933817220599004,0.911779551048931,1.10640106187704,1.08663362185797,1.09535630451042,1.10016719405571,1.01487508354518,1.14992457921277,1.12936139493385,0.920609360515733,1.18246064816482,1.03391813557818,1.05771553849075,1.09483921873465,1.02790359355833,0.933761139630316,0.944925239280052,0.949049230465907,0.989904128206501,1.02610826866683,0.951480971023925,0.953565552935121,0.990015876250201,0.974856700115778,1.05039873488463,1.0292263739839,1.10958932878963,1.05044258233319,0.942849604902546,1.03048092485774,1.00575501589412,1.01179295449149,1.07197606783987,1.13985717844179,1.06663959630209,1.06759013981778,1.11460511366856,1.08692580036194,1.07218580595742,1.12510148270926,1.09918758635464,1.11417234289352,1.1356312528897,1.04667171159627,1.08797000127695,1.01899101828026
"Arnaud_Matinees",1.14711332667859,0.610598051252277,0.697697623013991,0.855368581975718,0.675679634207012,0.731219369718458,0.526285095045435,0.70569011291135,0.758221245003261,0,0.662686071646509,0.74808948894783,0.588123647507021,0.681499475504068,0.665449710573199,1.15305082267586,0.986197921131498,1.10081005021284,1.04430568532936,0.89165621439499,1.06013165020372,1.0987424480716,1.12687244684529,1.09514082299827,1.14540796148382,1.09696720142524,1.0551072292505,1.06347441441998,1.1016256260857,0.866650491873389,1.03323075066179,0.97214240473558,1.15965031515206,1.17762752434516,1.16484738633399,1.04917158353405,1.1296700599352,1.10731847307376,0.937188481979972,0.967215403265875,1.03870268151959,0.9343674642717,1.13983756022224,1.13953459422451,1.10877445485656,1.03327708162814,1.08329092986451,1.01800182836068,0.936027113365139,0.948644602280945,1.09351678462101,0.968238324199945,0.986205586704394,0.904375237835551,1.05856406835092,0.95451872726646,1.02349820440654,1.0542577395092,1.11037946949582,0.957392244323589,1.03377462772431,1.05179983687353,1.00157833333467,1.03713716883898,0.996021048462838,1.00356686202235,1.21544708488056,1.15958063746007,0.956941307620778,1.19235408357714,1.0245970660588,1.08231399581146,1.06029781771476,1.08486797037119,0.879563364367626,0.886352689615014,0.890562257138166,0.864981616569233,0.903051602104502,0.804645651794354,0.828228042338037,1.08500180179455,0.983336457875179,1.09618454828549,1.03433113206148,1.17355500938283,1.03989927598032,0.889936019449863,1.06589211040865,1.03292023950654,1.02052542068765,1.16240069196573,1.26418401576951,1.12472389963585,1.15312943506287,1.19968616586593,1.18583111782195,1.20744608031119,1.17736941112632,1.14527115925311,1.22627740788005,1.19533973129226,1.10248811077186,1.15493430292592,1.00099674140259
"Arnaud_Nancy",1.08460909560549,0.671094696547241,0.65043613763974,0.89201604260338,0.760348692961103,0.748399727805821,0.69138678957498,0.696544571730505,0.736588932449904,0.662686071646509,0,0.826587956263085,0.720617743715888,0.815248417254846,0.737328544954112,1.04707318962906,1.0307731998637,1.02919541368605,1.03149384085675,0.967507368768693,1.03196772669705,1.07844115565841,1.13586700003472,1.1109771951135,1.15843497530164,1.00839905071037,1.08265185437334,1.04660441015272,1.08362439129244,0.987563838706207,1.05523634480297,1.03680740529794,1.08998894078838,1.15971959486385,1.07410177175375,1.07717751536195,1.06130839823875,1.07505821540146,0.954527935882469,0.981344729642596,1.02899177593483,0.969849103620832,1.10479625099833,1.10994001678483,1.05860660189024,0.998399348185998,1.0167952325413,0.97953429914223,1.02934875281116,0.980536327630333,1.13467577906668,1.04934141997465,1.00768197095689,0.884630599483319,1.04597875157246,0.917888497165384,1.0135120157111,1.00088788299006,1.07480905082862,0.959260436568466,1.00198582577891,1.15275116334358,1.0898466678352,1.06042931658916,1.09090246522945,0.983085426569574,1.11248773367485,1.11022722443452,0.89104072678331,1.1361358995632,1.07886011839291,1.08864178484374,1.05123819428481,1.05589126788217,0.888427857350253,0.895140102009506,0.94618742767072,0.930645540563968,0.982692573391744,0.859353576515905,0.9478333275702,1.10270503001367,1.06050702912838,1.06634093779024,1.09764333209894,1.17589700630135,1.09695565905053,0.916680968764153,1.09346844397072,1.10611526079396,1.11161250501126,1.11974109881354,1.17482344107371,1.06236052146226,1.07690021242869,1.16681671073803,1.07120577663608,1.12159796367153,1.13402781657198,1.13518180058699,1.11362958688524,1.13515587733763,1.0800245092455,1.12100820037157,1.02219424161376
"Arnaud_Sargines",1.05412607328499,0.777453405372297,0.80646925320626,0.924717445659497,0.793966128059269,0.874345269490914,0.817548356478639,0.797338960727252,0.825498687193238,0.74808948894783,0.826587956263085,0,0.810790925983313,0.80260585145078,0.737582340317663,1.07151253539257,1.08411143106315,1.03486242232698,1.05068517431115,0.907692427895838,0.89828158504221,1.14037888385209,1.10695838469682,1.12812642765051,1.13700068289893,0.99907697157041,1.03555348015962,1.05448316442101,1.05664172001703,1.04927673381506,1.11685462136755,1.1253007395899,1.07077838420776,1.084769912193,1.07848839043389,1.01718289912528,1.12115278912026,1.05323624680267,1.04160133749795,1.025265688271,1.02408200927871,0.972119734205738,1.05376251580455,1.05996954017081,1.05469080152874,0.904190940359793,0.982609231211273,0.862136203356589,1.03948998395867,0.955130709395656,1.11756112880262,1.05290360155534,0.998626880482061,0.913141843793032,0.935195230471003,0.928765662017802,0.993619075443601,0.891697979429774,0.933502628115401,0.939936220051555,0.892028703531932,1.04984496474215,1.04375630273877,1.06645923126926,1.0750236848548,0.982187769965756,1.07618431754775,1.04696638367685,0.850151167674579,1.10514188142677,1.09169849181511,1.12006854078774,1.13019673495318,0.991972794988183,0.988995942277369,0.962036048345986,1.0184862537328,1.03368830929871,1.04716368592254,0.968275892208266,0.986943631872369,1.04488772409252,1.05046872029125,1.05445508910599,1.10510094232106,1.10067356293844,1.12972426294178,1.02416240700204,1.16159879541647,1.13127859588434,1.05817417787801,1.08802958427476,1.08128708669823,1.04411924496757,1.09903088030408,1.11487676881512,1.06877249836025,1.08339283100961,1.12227030066116,1.1068090836748,0.998369582162627,1.09274036585894,1.06265258686943,1.04229857384061,1.0548506013876
"Arnaud_Selicourt",1.13168856719275,0.611569773652114,0.705763635893522,0.821354743979392,0.633976868497778,0.70895807727415,0.577581284551125,0.763431794623489,0.82292271241214,0.588123647507021,0.720617743715888,0.810790925983313,0,0.729361416789605,0.706641043813396,1.08391853545338,1.06218456732892,1.08166357067016,0.999791923752334,0.945519866454976,1.06011654684684,1.07294317757317,1.11984616713087,1.08530393264506,1.11675220688226,1.05601815052357,1.11171242127977,1.1021968163999,1.10926534628468,0.886792591166131,1.01083469409719,0.937776253675063,1.14828412168632,1.18812877177386,1.12971036569429,1.07371794352576,1.04445280503511,1.12051876425378,0.962337923133378,1.00441393107003,1.10960888783472,0.980346517570292,1.11272443142301,1.10836121390648,1.106586423182,0.956652342289385,0.991585095713368,0.979263583701461,0.955286103096223,0.96027656289899,1.11896333154059,0.989400237750419,0.935558185393894,0.873368052003291,1.07618016538362,0.903998707399772,1.02836380915598,1.02797736217078,1.12008446240337,0.935928297961084,1.0327312032254,1.09931387357891,1.10209774712191,1.10226148041366,1.10741833091241,1.0715108109899,1.18796094720924,1.19114974413478,0.958564585273397,1.17425884037586,1.07167921416848,1.09445922657405,1.05389717457181,1.18517039744134,0.870064545191208,0.848307967509974,0.845470833151692,0.799749742381041,0.82408012360437,0.834761946047654,0.874648503593416,1.11934729107719,0.967377225578724,1.11790402382604,1.08933658846981,1.21826141774767,1.07374453410335,0.934359916696803,1.11642167963801,1.10302275708071,1.05994005326881,1.13066101450424,1.2216617327701,1.07664671933801,1.12875899789121,1.20698488850094,1.15428438106248,1.1672491343795,1.14556696140649,1.13768869077404,1.20644048040532,1.15444980478881,1.07956728484885,1.1365997975975,1.02172097892346
"Arnaud_Sidney",1.12768811902044,0.689001197115781,0.617141370810305,0.880519931769565,0.696526552992847,0.668087539587023,0.578508583586958,0.689799273905257,0.708897727182331,0.681499475504068,0.815248417254846,0.80260585145078,0.729361416789605,0,0.660370183580753,1.12214906509066,1.07871902621217,1.09196967339443,1.0611779775906,0.979024698649351,1.06612777357747,1.12737081647164,1.14593226586416,1.12839274030828,1.17518665952168,1.08690067317325,1.07815384344083,1.14344537999019,1.19788212747309,1.06553053670716,1.17209439072902,1.1276258023013,1.1613879721578,1.11558108969378,1.19538654628591,1.03165381675082,1.15436938634855,1.03535649743334,1.03746355334202,0.992976217146108,1.03492071380564,0.950231643479219,1.11817683239797,1.08560673872411,1.09598045928826,0.926926211498171,0.955500466002323,0.879186477725421,1.0438618354677,0.991729363900855,1.12916430693181,1.06935152199859,0.860937776143982,0.815161071754451,0.926061023920926,1.00237339362186,1.06337125045647,0.896427705292722,0.875566634323196,0.899326544622046,0.787656668973458,1.13545557198375,1.0927563799236,1.1253584139214,1.16678341867621,1.10124178772574,1.13276220945489,1.15331836350152,0.920522554547165,1.17397814542144,1.07088704275622,1.12868985680648,1.13271010644433,1.04103002724055,0.97469411927708,1.02439817450373,0.969248927793292,0.972112096623749,0.955146902046377,0.950775136883324,0.996580818400136,1.03950544813541,0.970990031020515,1.1147636200469,1.01665864361693,1.17575687330292,1.04231023345655,0.978462272071813,1.07846409197719,1.02136326047426,1.01317684095754,1.02675279334248,1.13050015025744,1.09181360058666,1.04192580705883,1.05571723177003,1.07342660126859,1.04652948614655,1.08877707480721,1.10398939320053,1.1232684094923,1.08527149138063,1.07702798544452,1.11555475273242,1.09565180117501
"Arnaud_Zenothemis",1.15377439660012,0.680812148598493,0.695616495683028,0.981642810663039,0.681619147416138,0.755213054851083,0.690638613555835,0.730752699229559,0.729688509022818,0.665449710573199,0.737328544954112,0.737582340317663,0.706641043813396,0.660370183580753,0,1.12845542054947,1.07212038806537,1.04148853376864,1.07342201099798,0.92155980261981,0.996177330874319,1.17800408118834,1.17319394651958,1.17751946270794,1.22122335727781,1.08218110968822,1.06545991051134,1.12381210014932,1.18527514032549,0.996709578135974,1.12693385055106,1.10443178814826,1.18053350682562,1.15594264403898,1.13851559367065,0.997157771322573,1.14225553190898,1.01888153430292,1.038539940201,1.01481737604984,1.10983417997766,0.957665452288224,1.09837636380731,1.06726871961239,1.10257920406052,0.940412444639081,1.00235037624072,0.834195062007329,1.07356288871279,0.952810349661141,1.19827508796247,1.06319614582082,0.937781752699449,0.802152916186187,0.901477981529368,0.978499295920296,1.06604921742774,0.812225531777933,0.86724527091963,0.910979806188706,0.808280788695244,1.16645205902023,1.10874229258845,1.17512707380514,1.17052174408045,1.06436981939992,1.16462025708669,1.13561668265228,0.825920117096354,1.18920673033317,1.08948919607745,1.14962897087158,1.15067841429309,1.06983359279702,0.962324653002671,0.983319442289571,1.01234780977494,0.996682042013149,1.02570854443692,0.915407862642514,0.954322901079858,1.00528502932814,0.973990088716985,1.0464833275902,1.04903630626968,1.17439403589895,1.02940799876718,0.911635686459554,1.04755909153279,1.00033958616949,0.995442307277374,1.06829191303538,1.1725733054823,1.06458703164761,1.05724407710626,1.11303659224457,1.11388942706749,1.06922232578294,1.11870524910787,1.0722689580021,1.05846998871433,1.1324503004377,1.05548086252871,1.09220417776743,1.08065885662228
"Beaumont_Belle",0.959692373105214,1.04501408177157,1.07394327391092,1.01159340266678,1.11296915925814,1.09593734911952,1.13490759725868,1.04935814898576,1.09132911104102,1.15305082267586,1.04707318962906,1.07151253539257,1.08391853545338,1.12214906509066,1.12845542054947,0,0.963255711641067,0.786214901803283,1.04879197875395,1.08564490222419,1.06360882261037,0.87844472913479,0.933983817846485,0.926375849391075,0.919961042287099,0.942948323955089,1.00555550804706,0.926188109226742,0.874024179378515,1.14050152105127,1.02308182137383,1.051113170114,0.908079015179136,1.02159989106681,0.942753873486305,1.08869418896915,0.924671526502716,1.04925927897011,0.989419879935206,1.03934871580358,0.971642353012125,1.0317639624984,0.967634798630041,1.01503504117793,0.950601592989992,1.0083553708578,0.946873329373112,1.07547666255641,1.06401608613439,0.997836228305543,0.889511359065799,1.02693015346198,1.09887186949541,1.08043376755656,1.10610292453591,1.04713821458924,0.94932461025805,1.08007656628749,1.08896274587628,1.06475953971001,1.0928460398508,1.0407004607379,1.08273397808464,1.03116986850578,1.07874751803638,1.00714132200311,0.957579549375547,0.954228808335511,1.09101403440291,0.903496980053639,1.04584534640041,0.976418157569455,0.945167005616283,0.905585525164301,0.978988480938769,1.02124011334445,1.0672317627997,1.04060908562872,1.03442566399527,1.04021693631481,1.10457931759253,1.15119304468557,1.17819581640974,0.978760351259599,1.11442758779921,0.968255799433968,1.10024265045623,1.11040481870051,1.03861592400872,1.10058827785221,1.11828849234077,0.984600007114413,0.855231870608429,0.893153458812267,0.9724636962274,1.01694620303642,0.898718612260819,0.998488775712247,0.96441930414361,1.01712573566683,0.919631116959728,0.977120163917913,0.994927324918913,0.957912647799725,1.08173508816731
"Beaumont_Clarice",0.983022456987142,1.0925391154213,1.05209544725605,1.10878320484925,1.06901676057441,1.02194536824116,1.02925554667423,1.06145620825813,1.04306124097868,0.986197921131498,1.0307731998637,1.08411143106315,1.06218456732892,1.07871902621217,1.07212038806537,0.963255711641067,0,0.960595724755989,0.928073555149898,0.982417945317113,1.0058292998329,0.878501182404503,0.893133143952829,0.950426733474501,0.891727330580463,1.01279775322187,0.973794911761297,0.917868405507151,0.94867362689682,0.883069636196289,0.988617271036472,0.943093775882188,0.986582458385317,1.02778898592613,1.0121516790917,0.982928722315107,0.932993625648926,1.03515910716289,1.00240862645337,1.01548779859458,0.937311570794231,1.02746587164588,1.02410858518397,1.01710659102385,1.04477882673693,1.0874947997553,1.08279017800498,1.14402611972694,0.908789212022257,1.0591191816287,0.806865743343925,0.944282502024078,1.10619379392287,1.15958551379345,1.00384403593895,1.11142607390761,1.01489602438714,1.15043025381721,1.0571047810771,1.06843398463915,1.1565501707723,0.988510736942984,0.992844519788805,0.952980452636466,0.90414888165658,0.992362129843409,0.985374627074036,0.964201008706007,1.08741541144549,1.07880761605284,0.901615885183769,0.880492270715806,0.973634875034707,0.866041283421487,1.01167229578077,1.01193021290724,0.950123726821456,1.01358852038937,1.03670614231862,0.934099361675632,0.989510119542166,0.947165134210437,0.932370919392698,1.00119153065995,0.945124808797115,1.03397987991588,0.896547712970487,0.992348142661738,0.885314519843826,0.961097121650491,1.02811587265562,0.994713103162365,1.01068961610716,1.07980309976935,1.01557654613408,0.894009289620912,1.07104054640797,1.05250987984676,1.06297972286154,0.983885578227452,1.07146562645649,1.01082019821584,1.06157168704891,1.07395140017778,0.933921596008181
"Beaumont_Prince",0.999651755201526,1.04813459399638,1.01496842342547,1.05299387640006,1.05126929022316,1.11521871395823,1.1115470475398,1.04419784067612,1.04208577240358,1.10081005021284,1.02919541368605,1.03486242232698,1.08166357067016,1.09196967339443,1.04148853376864,0.786214901803283,0.960595724755989,0,1.04771847224815,1.04421846052255,1.02867458242823,1.02610746611466,1.04824930703108,1.0575050860982,1.03178277839758,0.974492132433535,0.987912603804395,0.989111396596122,0.964799033340652,1.07602957285227,0.970287612358347,1.05515492250364,0.995679315219864,1.00862585960436,0.904211038609179,1.02604145677269,0.99538810469717,1.03433698636735,1.08087346239295,1.05588892772914,1.04662999574211,1.04893370265311,1.02492392911038,1.0150951608927,0.989836156764145,1.02279980690167,0.967963791449902,1.01303811734897,1.09948066758887,0.98593203493596,1.03778274388485,1.11146635085157,1.0889121052812,1.03359296928569,0.985586773950399,1.02721510568982,0.974065406805484,0.959131974060513,1.03184748563075,1.01522590969514,0.979426559992568,1.07642560238348,1.08682851692425,1.02041937425693,1.07674397212211,1.01507574980118,1.0177775985654,0.947558893311131,0.997647037799936,0.952189258401496,1.07719782226393,1.06082319411726,1.00886177333517,0.944837286861976,1.00840341737242,0.961053890673811,1.07473955322831,1.09499439980434,1.11248616891674,1.03517416845053,1.09366456284313,1.07872595356563,1.13516674697915,0.927756851019649,1.07411086940085,0.965795833705671,1.05956033625185,1.07574554653907,1.01720662871372,1.02602876404074,1.06835407452711,1.00207436707567,0.912779311844537,0.923698621694068,0.979422517265289,1.01367155598112,0.94174621024975,0.917126811771931,0.989294656116503,0.996685722538839,0.921331022688304,0.974712266392599,0.980017962632983,0.935380906723457,1.06121115986646
"Cazotte_Diable",0.843115683192974,0.996629063824922,1.06543456841441,1.06058462170973,0.967550972992081,1.0020526924007,0.985509212836142,1.06483651202577,1.04320809439066,1.04430568532936,1.03149384085675,1.05068517431115,0.999791923752334,1.0611779775906,1.07342201099798,1.04879197875395,0.928073555149898,1.04771847224815,0,0.780523206271747,0.727701750714332,0.948442448253326,1.01635915357197,1.01665148809771,0.970632038161449,1.03484706536558,1.09538562185135,1.07316238930145,1.06528734369188,0.986068330359759,1.02964219891964,0.962140643692167,0.949902352521486,0.992634950334074,0.992087043426042,1.07660270742968,0.891565332070508,1.05839581560932,1.03406267180604,0.980022704823837,0.915815961339514,0.947564666573357,1.04485915469667,1.07287607162401,1.05043280738948,1.01995592597556,0.966785082768927,1.00412070165483,0.964321568412295,0.945731485055973,0.96549874961203,0.957499951313289,0.961169152817643,1.02533943613558,1.06659576102411,1.02079823065774,0.975026920517061,1.06228164949166,1.0504430100853,0.913455135032249,1.00143078917616,0.957030042765223,0.910089918821613,0.863512780719422,0.91321919535781,0.99945459306839,0.837127551225019,1.02509102862908,1.04295622881477,0.97998899391987,0.973119679929075,0.99410275153578,0.929486201515725,1.10967649480568,1.03072614319464,1.05610058228857,0.980850000179922,0.987542960213369,0.978467196197936,0.955370120260894,0.955986749848815,1.0332504305962,1.00826997368771,1.07126360644236,0.953359837433261,1.01188708763741,0.965655145030513,1.01383363880997,0.909723900233696,0.949270776082528,1.0464480132982,1.0182163536801,1.06211561599029,1.07600929906475,1.09022774966906,1.12196475370253,1.09849311133599,1.08428333835678,1.07492152242679,1.05214449469054,1.06513129197274,1.03241496102618,1.07989506784856,1.00940968397934,0.917874210901923
"Cazotte_Honneur",1.0205335847289,0.933216117513878,0.986398930257583,0.995418870033814,0.922044358504323,0.977361293980867,0.978276769541013,0.988888347556865,1.00018272392456,0.89165621439499,0.967507368768693,0.907692427895838,0.945519866454976,0.979024698649351,0.92155980261981,1.08564490222419,0.982417945317113,1.04421846052255,0.780523206271747,0,0.698572873175759,1.1150503320916,1.01951191066281,1.07572304052277,1.13885355784282,1.00710622509517,1.05074826565809,1.06657794143941,1.077945376949,0.975430728383369,1.06666091479852,1.06304547756275,1.00681034562508,1.01589478770212,1.04163786009706,1.0492545270442,1.05131651227742,1.03214514615822,1.00507414274533,0.953895664356221,0.984139202938693,0.933576008291376,1.01576696091427,1.03986048639533,1.01061523060171,0.994738267151165,0.997267173273989,0.940840943314441,0.959321745427829,0.986231127843531,1.06260486979154,1.00614014774942,1.01058934958801,0.939657879419286,0.975212298695957,0.999447301978281,1.02129548839979,0.939387022776215,1.02577572346428,0.994288512310869,0.966246913393025,0.910662839649328,0.996736979647243,0.990466660898148,0.971162699540004,0.987220293839873,1.07432184837001,1.0524145527203,0.917402448759878,1.08125261528318,1.00256021047753,1.02751510185579,1.08204274549571,1.06900013275758,0.980523017692204,0.962370937751468,1.01319887596374,0.975740267486588,0.994254215722467,0.972169418457183,0.946635267565963,0.979908585281996,0.990943370327062,1.00520669142693,1.04618989283346,1.03138841231651,1.02530592626205,0.967292556900539,0.997843612768668,0.989263570065253,1.00941008856013,1.06332092776966,1.08504364876762,1.07310748536698,1.09098580252147,1.10970911699736,1.0480300087078,1.10198776456829,1.06374626029436,1.06380262024119,1.08783776791429,1.11433116696004,1.08033760606093,1.0416656124168,1.01637132950105
