"","Anonym_Enfant","Arnaud_Adelson","Arnaud_Bal","Cazotte_Diable","Cazotte_Honneur","Cazotte_Ollivier","Charriere_Caliste","Charriere_Femmes","Charriere_Lausanne","Charriere_Neuchateloises","Charriere_Noble","Diderot_Jacques","Diderot_Neveu","Diderot_Religieuse","Ducray_Cinquante","Ducray_Coelina","Ducray_Soirees","Ducray_Victor","Dulaurens_Compere","Dulaurens_Imirce","Duvernet_Devotions","Duvernet_Retraite","Florian_Estelle","Florian_Galatee","Genlis_Emigres","Genlis_Meres","Lagrave_Sophie","Lagrave_Zabeth","Lesuire_Aventurier","Lesuire_Crime","Louvet_Annee","Louvet_Fin","Marmontel_Belisaire","Marmontel_Contes","Marmontel_Dejeunes","Mirabeau_Conversion","Mirabeau_Rideau","Nerciat_Aphrodites","Nerciat_Doctorat","Nerciat_Etourdi","Nerciat_Felicia","Nerciat_Monrose","PigaultLebrun_Enfant","PigaultLebrun_Kinglin","Retif_AntiJustine","Retif_Paysan","Retif_Paysanne","Retif_Sara","Sade_120","Sade_Aline","Sade_Infortunes","Sade_Justine","Sade_Philosophie","Tressan_Jehan","Tressan_Prince","Voltaire_Amabed","Voltaire_Candide","Voltaire_Eloge","Voltaire_Homme","Voltaire_Ingenu","Voltaire_Jenni","Voltaire_Micromegas","Voltaire_Princesse"
"Anonym_Enfant",0,1.09081016853401,1.03723684797757,0.940117021878043,1.08164983720512,1.01368108820392,1.04385826425798,1.13869493182772,1.18060990568294,1.05529832969065,1.0528863674616,1.05555265760208,1.16093526000706,0.947012338569964,0.985363424816537,1.05142611456175,1.00732610667179,1.04495056409488,1.06179614425614,0.931719069861636,1.06284765056605,1.01989133004702,1.02876413076818,0.970001023254771,1.00022808438732,0.998576582410291,1.01583234935548,0.937043946396948,0.894697894502732,1.02661250893475,0.938401591245812,1.01980102750401,1.21872885473489,1.19959546805436,0.958973969059734,0.932593595305028,0.764188629203925,0.992978057531507,0.991122035240717,0.904339274217278,0.882128240571488,0.950679742009542,0.753106097602235,0.954151081696147,0.771556799459702,1.15960375157683,1.16605939383327,0.927830908929209,0.879945569041585,1.1109154304504,0.977757713043891,1.01690144050447,1.13108365815805,0.970009344423837,0.952218874591506,1.11229608947431,0.996959364797367,1.08068220880824,1.09215425086754,1.09458006087025,1.11603765962474,1.02724409869888,1.00653318861355
"Arnaud_Adelson",1.09081016853401,0,0.794791082512785,0.950517768188963,0.89272340624386,0.889466771116362,1.04877908437684,1.09464305427089,1.12959415706128,1.17526835745248,1.04105907691646,1.10791994601919,1.11768385885661,1.02390019318163,0.900004813800305,0.842563685515196,0.951236729944063,0.751135927184494,1.10789810309191,1.12020450947952,1.12988870865467,1.08534999477593,0.81280783963142,0.862663017484672,1.08370662881472,0.954432823261008,0.879918075869659,0.993088873451011,1.01335905144132,0.985542939618016,1.03444232836343,0.939691065618619,0.938066986083633,0.889369033232523,0.98012306997127,0.973038975822295,1.06459565507392,1.08149749825739,1.04876503409417,0.991826618656578,1.03752767385538,1.05314451829631,1.08081100095108,1.14098135341979,1.16516645311017,0.997079668712945,1.0428133013607,1.01291083689353,1.14873142467805,0.945268524034527,0.975169925093077,0.92069487666785,1.00765585875035,1.04471572758689,0.949359509912229,1.0525517023127,1.15567786683932,1.1009412920331,1.17127138034351,1.03482696567851,1.06961722750411,1.1350520597647,1.09880858019554
"Arnaud_Bal",1.03723684797757,0.794791082512785,0,1.01866853407372,0.986529369839367,1.01966991128544,1.07335187745932,1.04795238115169,1.07152440849323,1.08997110590648,1.01293204313967,1.04118142492464,1.05755950810401,1.08549785802534,0.962496107307455,1.01309067567639,1.05832448626097,0.990932904322351,1.11507615194339,1.01547324104282,1.05840344433809,1.03096735894893,0.954662135751137,0.989404812243165,1.12599407263265,1.0170679388422,0.907000114102812,0.989777634535837,1.07028312966249,1.05092149534642,0.974347429815886,0.938212924560659,1.0174510828795,0.819474243094645,1.03826349416033,0.916103534107958,0.94041890164025,0.994046976419868,0.994966948162752,0.894586003188755,0.920722318095801,1.03070963510002,1.08947776928036,1.08257336200395,1.0455687776836,0.996170028244594,1.0425351057734,0.958440717269137,1.0522427167194,1.02561017429022,1.06613348477629,1.0355830553834,0.997182906303358,1.00171219076689,0.990542010020134,1.08159979205038,1.1151951124913,1.0885458058557,1.0962203467068,1.03347436347616,1.09901474472838,1.08439148847248,1.08716773125915
"Cazotte_Diable",0.940117021878043,0.950517768188963,1.01866853407372,0,0.766689110301926,0.749186604748545,1.00884035033346,1.03155062043186,1.06460269443538,1.04554262291103,1.07149271057403,1.03066328098372,1.05078052600991,0.953307997149907,1.06108996750214,0.996284717401711,0.980216071085534,0.96734979119541,1.01641363877515,1.07148508992943,1.06994404317846,1.08592717041197,1.02394757545506,0.994668709907824,1.05504015509544,0.969399535472356,0.935974269750121,1.04204723068215,0.907146262565072,0.96481233355609,0.974445912052193,1.01510913733178,1.03379084879163,0.993489872061074,1.00936438306555,0.975428585834609,0.93904050640914,1.011400858058,0.951303432150998,0.937819830800252,0.941339839738925,0.987368648179991,0.946164206187542,1.09459492000914,1.06151826462385,1.01318121928745,1.04669569403161,1.00612598928565,1.08159872642012,0.987512218327015,0.977232922892609,0.979155068251881,1.02284939139567,1.0201906678393,1.0624244935444,1.06044488192589,1.12949730818569,1.1028796135393,1.15621990621496,1.15112136745782,1.09993647760699,1.09294072476294,1.09615231774761
"Cazotte_Honneur",1.08164983720512,0.89272340624386,0.986529369839367,0.766689110301926,0,0.729061343513875,1.09384546127162,1.01229113484205,1.06105657325625,1.14565577256332,1.03682983827077,1.05359663476548,1.03411316242501,1.06324098019922,0.974656697704962,0.927311947954497,0.986318818617698,0.907313735697411,1.05527163815285,1.09786280703445,1.03720870532954,1.03920331596188,0.962223858558095,1.00613568216329,1.05867082354981,0.965025479350442,0.99092412192011,1.01657148641974,1.02083876980441,1.00716397181938,1.05758305059376,1.01313446980078,0.937877025786633,0.953502359746348,1.01668012727406,0.983251316005564,1.04208209051399,0.93556781030227,1.02098687033569,0.984574778545715,1.00173226521805,0.977532213507707,1.11686381839723,1.07326643986048,1.14947895968257,0.993095720382475,1.03987509877505,1.10657725492553,1.08510201509,0.986390440382138,1.02306680804494,0.982569680044512,0.974569782331415,0.944660278021107,0.95713509932861,1.07037056481945,1.1339312085292,1.08851513151952,1.11832524214541,1.06509569440314,1.11000188106731,1.09850579458118,1.10474308390203
"Cazotte_Ollivier",1.01368108820392,0.889466771116362,1.01966991128544,0.749186604748545,0.729061343513875,0,1.19480052903613,1.01899036864359,1.11999140892993,1.19046573671963,1.0298103633004,0.987456032590864,0.970207827692231,1.04916517006808,1.10319052506623,0.935291543088054,0.95681891663474,0.842054762600081,0.990649901285309,1.05323507178256,1.02255002714264,1.04478156213223,0.879025555379389,0.903332795370324,1.20637432403766,1.09035322050289,1.05011034656771,1.09988794092889,0.974710198203938,1.03690765284808,1.0321101764818,1.06098924300927,0.898419902095291,0.985987765693739,1.06776099515364,0.958984172100937,1.0538703222783,0.887804957759726,1.02477881430792,1.02168119190725,0.967045342188975,0.965325165721954,1.02694246550189,1.00199885276631,1.12630006999532,1.08330782131267,1.12730602073366,1.18940295269335,1.02320141721565,1.01663126341199,0.969077079531656,0.934333521831744,1.04974118460732,0.925459275356333,0.891464104083351,1.05129267014376,1.04354433125759,1.09202774318271,1.09645146955123,1.08422370199621,1.0951430650913,1.05764081063551,0.998334018502945
"Charriere_Caliste",1.04385826425798,1.04877908437684,1.07335187745932,1.00884035033346,1.09384546127162,1.19480052903613,0,0.814235406085601,0.70764186406254,0.710481246230675,0.928961641094799,1.04842157067168,1.03129969176433,0.89594521437162,0.985368929136736,1.08075941366617,1.0603976220478,1.10733643126551,1.08149125248054,1.11838415757235,1.07851680538261,1.04437491878421,1.06210846318045,1.03033518239076,0.840190088068221,0.905899134880458,0.981200329643989,0.927778640834743,0.997921496848394,1.01910126153074,1.00152010387508,0.966685894385975,1.10746281660901,0.999618679574874,0.932446289140043,1.17195678549718,0.988819712473005,1.10455669440483,1.00729137478701,0.961275153172492,0.931306778041792,0.958529677739604,1.02158013208823,1.07247884728678,1.04526875049357,0.976254403834533,0.917962711158471,0.807419511641864,1.10582651155582,1.06194861470405,1.02610767648598,1.1360490759363,1.14812780332387,1.05360010811787,1.10419005292875,1.08878779154084,1.03993757387989,1.01521807918998,1.03239821804671,1.01370076890105,1.07554727084833,1.06094839539864,1.0976306606832
"Charriere_Femmes",1.13869493182772,1.09464305427089,1.04795238115169,1.03155062043186,1.01229113484205,1.01899036864359,0.814235406085601,0,0.716687527630609,0.823101776184222,0.95051406080792,0.938876435182282,0.906559372087701,0.982576296182356,1.03916725979651,1.07152926070039,1.04036739582929,1.09491442274029,0.99608520678859,1.08634962588856,0.978973435060339,1.04530487369352,1.08540809924667,1.09786884283316,0.930253932690799,0.989009134126421,1.00950833734305,0.995972600824767,1.14696457249158,1.06728672421433,1.01710069145751,0.92651347777389,0.978179591921611,0.981767010124594,1.04729211191458,1.11114755647917,1.10563891990558,0.963639012927343,1.02152130147476,1.0296604355429,1.00151100841863,1.00848962423909,1.05300934655459,1.05033302793936,1.10229140847878,0.955674358452204,0.944749351152083,1.08210204196597,1.03367045726215,0.996151466664941,1.07509375315508,1.06332550748331,0.95721068692061,1.08473619353166,1.11914811744158,1.028313935561,0.968132849895527,0.996946214015501,0.955217799794173,1.00431704012982,1.04245424116994,0.989601861685595,1.02963667112516
"Charriere_Lausanne",1.18060990568294,1.12959415706128,1.07152440849323,1.06460269443538,1.06105657325625,1.11999140892993,0.70764186406254,0.716687527630609,0,0.667552897322831,0.935102142402916,0.935197189144243,0.87398773139886,0.964302492709786,1.06506735067777,1.11754227844329,1.11887912183176,1.18896911788694,1.0567830816791,1.05967734246931,0.969967471652032,1.01633839629948,1.1478489493199,1.14101064755862,0.843547729192058,0.965012983409811,1.00126708517911,1.00539838234638,1.15721004762592,1.03694252418271,1.0084666675119,0.983183960207067,1.06252338224898,0.96882684443943,1.04062347918873,1.07276879584477,1.10446954139438,0.981609185738566,1.03674882504221,1.02451580318477,1.03987936573727,1.03218671157765,1.08086435656459,0.989520598881693,1.05610540930276,0.857776660761082,0.831152217658278,0.980850018250503,1.06667353405401,1.03556275957891,1.12617095272842,1.11068326219046,0.980622911395917,1.10120347050101,1.17058660988367,1.00346792659881,1.01597353933077,0.964829660507841,0.964127422572815,1.01383561996476,0.990923986342243,0.997695772696132,1.05950423574382
"Charriere_Neuchateloises",1.05529832969065,1.17526835745248,1.08997110590648,1.04554262291103,1.14565577256332,1.19046573671963,0.710481246230675,0.823101776184222,0.667552897322831,0,0.996243700229767,0.938130602416561,0.940059799772179,0.897881956661105,1.08459504576256,1.12876393963565,1.06255876760767,1.17282158805341,1.09653987920698,1.06026769643183,0.958853746291528,1.05267935673236,1.13322691611773,1.0949752940524,0.801924133757139,0.974452798252786,0.938647754921384,1.02320736005032,1.06619559871908,0.908641652257201,0.932964476981925,0.918268248424643,1.15287288043942,1.06998117615637,1.01450059530206,1.07429019510001,1.04294109157779,0.980365410460464,0.991432065073439,1.07547681651893,1.0468335726526,1.00650632628911,1.01385120907302,1.03296487258949,0.9979095975887,0.837251389765568,0.809509712135853,0.917941596992134,1.0347779478126,1.08189207283801,1.07810695253925,1.1364055949226,1.0802489117742,1.12056766302301,1.17936484884528,0.948158098515512,0.996899806794036,1.01160827221307,0.986447545939691,1.02033108131414,1.02197322646749,1.0309818880475,1.08905535194278
"Charriere_Noble",1.0528863674616,1.04105907691646,1.01293204313967,1.07149271057403,1.03682983827077,1.0298103633004,0.928961641094799,0.95051406080792,0.935102142402916,0.996243700229767,0,1.05244470683149,1.07211667879704,1.02601087877406,1.01755779840108,1.03854958650858,1.04404345957612,1.0739988322496,1.06398943468589,1.02201331103113,1.04653380522657,1.00832749213918,1.02672900948217,1.00783183982568,1.028550016129,1.02646040193014,1.03193950801711,0.889954947791726,1.02149007817111,1.06781022208253,1.01808822176398,1.04572800226704,1.05668098725607,0.959368632603606,0.990362147809412,1.11292110296879,1.05297134421342,1.09492689637956,1.04229395582734,1.00249732582117,0.993027093235262,1.03553817840246,1.01976297999627,0.973142050983735,1.00698179297345,1.06842590915614,1.05041036319879,0.963291166180627,1.05061696122725,1.10104913249081,1.07849731953873,1.12708486283097,1.12156203413488,0.936570374202782,0.952201186510182,1.09985819442021,0.998403827670343,1.01642787861218,1.0633426203468,0.919722655765236,1.04990868191873,0.999282205496196,0.985110199234785
"Diderot_Jacques",1.05555265760208,1.10791994601919,1.04118142492464,1.03066328098372,1.05359663476548,0.987456032590864,1.04842157067168,0.938876435182282,0.935197189144243,0.938130602416561,1.05244470683149,0,0.669264599783927,0.837236507596584,1.0923441063343,1.01454729874189,0.989257643787387,1.07507687444894,1.00222932010671,0.964162026273666,0.915552214269344,0.999407294127571,1.11480051147094,1.05429882651696,1.07890183865814,1.17344460380782,1.07604932248506,1.02402907466352,1.14630771805285,1.03905159911022,0.902463288960468,0.916312333871493,1.08297348759791,1.05980782811264,1.05067544078123,0.909061954503553,1.13585705866888,0.899546612167383,1.02806412760094,1.1884368116608,1.0911376519217,1.04074802126727,0.967507274647262,0.919098533120896,0.92305904829294,1.02414248025908,0.974807360323042,1.06930889942768,0.984053828853209,1.13533314941983,1.09891468515462,1.09034149606439,1.03170980639178,1.11200780913361,1.08797078696091,0.953624369395262,0.846684522513265,1.03714045757182,0.957971847963499,0.971654659020438,0.985291468688479,0.945087397762335,1.00522992102968
"Diderot_Neveu",1.16093526000706,1.11768385885661,1.05755950810401,1.05078052600991,1.03411316242501,0.970207827692231,1.03129969176433,0.906559372087701,0.87398773139886,0.940059799772179,1.07211667879704,0.669264599783927,0,0.873218619857551,1.16074550015691,1.07184189944222,1.05408945442304,1.11581659504169,0.927597411236222,0.943915898352126,0.887852580106915,0.98194084541272,1.12013139112728,1.12844093210549,1.09564470184837,1.13248310171872,1.10232747297384,1.13495179051034,1.12848042276391,1.0599140797826,1.04586177950287,1.02117857677916,0.937374545781584,0.968608058255662,1.09125125797206,0.879941233764958,1.14968760673318,0.851153413966311,0.982057399317533,1.14133144972624,1.08196523583847,1.02721037498382,1.0201902598895,0.942832046339622,1.04469593300646,0.976955265948726,0.981463443077482,1.15391266106499,0.962328781792833,1.04590695513527,1.09243055103352,1.02483170638965,0.905025462594888,1.15554530884862,1.17925010306118,0.92405838000145,0.918672141343196,0.979959611934565,0.873657924211495,1.02594263874966,0.905836767049317,0.90472970630027,1.00482081692011
"Diderot_Religieuse",0.947012338569964,1.02390019318163,1.08549785802534,0.953307997149907,1.06324098019922,1.04916517006808,0.89594521437162,0.982576296182356,0.964302492709786,0.897881956661105,1.02601087877406,0.837236507596584,0.873218619857551,0,1.06501114592591,1.06307930269908,1.0809673374011,1.07759514479326,1.05855099042439,1.08159117445495,0.991874653134812,0.985748027136853,1.06226137741321,0.977253858970676,1.00850119612031,1.05116859544962,1.00313041019619,0.911961181234657,0.939108932937671,1.02559547307761,0.894517516297106,0.937775939288085,1.09502154207277,1.03670643171734,0.918854647479292,1.02907418964245,0.971987376941537,1.10186477338778,1.01828016520671,1.01628665632791,1.06247059704852,1.09540724860563,0.83989449290403,1.10653223979032,0.980905912953557,1.04993100155841,0.990715914450464,0.904913175390527,1.05335469149369,1.07136950826641,1.04467599167809,1.06845867998947,1.09580875098966,1.06572941138516,1.05507106378466,1.07383752905736,1.01654863362659,1.02271061051212,1.11181796067586,1.02743025075792,1.01318369737033,1.04760344161871,1.09592793278045
"Ducray_Cinquante",0.985363424816537,0.900004813800305,0.962496107307455,1.06108996750214,0.974656697704962,1.10319052506623,0.985368929136736,1.03916725979651,1.06506735067777,1.08459504576256,1.01755779840108,1.0923441063343,1.16074550015691,1.06501114592591,0,0.618082805117822,0.623526926707959,0.632040496631856,1.19525554604879,1.08561711780771,1.09203241588243,1.04466132357336,0.915272573186659,0.949619435180223,0.916774367328537,0.888428902555129,0.896015753029461,0.849429546016219,1.03195842328187,0.986911470395748,0.925756658737776,0.872884610258485,1.04267038144376,0.867810007807407,0.965119543336289,1.04790871443882,1.0419732705837,1.06886477468032,0.997447886241392,0.967185775660507,0.994116234873216,0.972626913393083,1.08720603055039,1.06838061065446,1.09593590028761,0.950187081039877,0.980988992173275,0.910154504096378,1.15827966630364,0.992073173412567,0.994691266129918,1.0780046011376,1.07049930266016,1.04886759796347,1.03104701074195,1.11362800130112,1.17829844332278,1.11087735580957,1.16545392636856,1.0837847532813,1.14749124213887,1.15687690503595,1.15596458808451
"Ducray_Coelina",1.05142611456175,0.842563685515196,1.01309067567639,0.996284717401711,0.927311947954497,0.935291543088054,1.08075941366617,1.07152926070039,1.11754227844329,1.12876393963565,1.03854958650858,1.01454729874189,1.07184189944222,1.06307930269908,0.618082805117822,0,0.620371986369841,0.570119598347903,1.08057823933777,1.09991820236793,1.09950839734354,1.03938715076415,0.887171859730912,0.893025647377241,1.00125865917401,0.954887994542655,0.946302187454467,0.956876180515369,1.0120542348122,0.955871900190456,0.938674013212312,0.889618193107292,0.993725852088392,0.999666688324504,1.00496353152379,1.0414808984102,1.09925558725267,1.04716850666566,1.05343419261287,1.08239187955506,1.09262179185806,1.05525490008407,1.09578619410404,1.0832291156521,1.11917785365108,0.979688977364882,1.00686524073129,1.04394280422574,1.12234541334322,0.958331164937897,0.990005943091112,1.00507750682534,1.02918710583301,1.1144188472798,1.01754202929249,1.04619606578928,1.13371583407246,1.08334432949438,1.11382966210994,1.07698460474661,1.07012862217673,1.11009999497817,1.1095362686572
"Ducray_Soirees",1.00732610667179,0.951236729944063,1.05832448626097,0.980216071085534,0.986318818617698,0.95681891663474,1.0603976220478,1.04036739582929,1.11887912183176,1.06255876760767,1.04404345957612,0.989257643787387,1.05408945442304,1.0809673374011,0.623526926707959,0.620371986369841,0,0.583745489211945,1.06755873694563,1.05780475454611,1.08426773079648,1.05027534649738,0.94537676528662,0.933154344710628,0.935720186997177,0.981638972876836,0.984850932450829,0.945159756354488,1.03585514026559,0.950414309315122,0.936036984736817,0.926246315224003,1.01261554771398,1.02145883966587,1.01938298588431,1.02172473006721,1.09848322014332,1.03222038184798,1.05565372446543,1.06370417412309,1.03656846606685,1.02103866749392,1.00438173071026,1.00022172425043,1.07828543743083,0.952034685189527,0.961781611686574,1.02120102175527,1.06391739433126,1.01158221171902,0.985984282020877,1.04078298312721,1.05860934387963,1.08972409553008,1.02675907335604,1.06267160794661,1.09505965830841,1.09050043454311,1.08688368073983,1.06111997639864,1.10283722957628,1.13748162690816,1.09660175417175
"Ducray_Victor",1.04495056409488,0.751135927184494,0.990932904322351,0.96734979119541,0.907313735697411,0.842054762600081,1.10733643126551,1.09491442274029,1.18896911788694,1.17282158805341,1.0739988322496,1.07507687444894,1.11581659504169,1.07759514479326,0.632040496631856,0.570119598347903,0.583745489211945,0,1.10315684202445,1.12379113695678,1.10850357580127,1.07947550791826,0.795562166067418,0.825153196131475,1.0362321713824,0.952493572810997,0.891395577341297,0.956187690796621,0.985505801430293,0.926500929366379,0.942478664982036,0.891810577066622,0.950897163094683,0.984193300922677,1.00636306130547,1.01868776212756,1.07111339647961,1.06063399372087,1.02710024768954,1.05441978812958,1.06562174656669,1.06236035430027,1.08475170392187,1.12097977608719,1.15076870422361,1.00157572127072,1.05240982983069,1.03670754301318,1.13987416116713,0.914456778294103,0.916648546269546,0.949024969958052,1.04298547166298,1.07953071638685,0.946605755962979,1.06737205139467,1.1649361051954,1.10866589291174,1.20686893472579,1.09357019163637,1.11971809564577,1.16835793920293,1.12804824556741
"Dulaurens_Compere",1.06179614425614,1.10789810309191,1.11507615194339,1.01641363877515,1.05527163815285,0.990649901285309,1.08149125248054,0.99608520678859,1.0567830816791,1.09653987920698,1.06398943468589,1.00222932010671,0.927597411236222,1.05855099042439,1.19525554604879,1.08057823933777,1.06755873694563,1.10315684202445,0,0.862720791794195,0.947400030301218,1.01171683131618,1.09790774853167,1.14157887949369,1.03282826610382,1.04603785716144,1.16588166199708,1.15831080333922,1.00232803252028,1.07325446265593,1.20384548179724,1.21326851580597,0.88205238096375,1.17004100783143,1.12424649166915,1.11158843254418,0.944629861154662,1.02337393860537,1.04567149045569,1.00362343517499,1.0276525575955,0.999967312801062,0.975187828096868,0.93567451241534,1.05946838249347,0.966923166975437,1.00704976759573,1.11018406129658,0.944878603648168,0.847099028639533,0.903236138978994,0.874098698774237,0.842938354974005,1.03707152064714,1.03915014911563,0.903991424318094,0.903379152023527,0.878627511518266,0.792953329823487,0.942278617080855,0.78974722142553,0.8957163289684,0.906082318901799
"Dulaurens_Imirce",0.931719069861636,1.12020450947952,1.01547324104282,1.07148508992943,1.09786280703445,1.05323507178256,1.11838415757235,1.08634962588856,1.05967734246931,1.06026769643183,1.02201331103113,0.964162026273666,0.943915898352126,1.08159117445495,1.08561711780771,1.09991820236793,1.05780475454611,1.12379113695678,0.862720791794195,0,0.945378334067758,0.963443701356054,1.04600243885587,1.02983768625012,1.0274757893831,1.08109084699281,1.10120587084046,1.07845981068289,0.980649427070123,0.997377566319492,1.05719167925196,1.15045902818451,1.05865630540437,1.06977597959228,1.05081368179435,0.916538105794305,0.98590327808214,1.05680068458194,1.07610344085967,1.01469429027494,1.07880452911577,1.11432148301448,0.852741970476616,0.876665432513598,0.911172954460367,1.03841843138391,1.07323889359399,1.03329190104455,0.96720067193918,1.09606738923247,1.07881804911013,1.07286791419334,1.00621002026787,1.01162745881013,1.046079686083,0.891475472591004,0.846174486904859,0.965443426058068,0.848883543650927,0.915651143780891,0.907436154197295,0.941727286736241,0.900293328170793
"Duvernet_Devotions",1.06284765056605,1.12988870865467,1.05840344433809,1.06994404317846,1.03720870532954,1.02255002714264,1.07851680538261,0.978973435060339,0.969967471652032,0.958853746291528,1.04653380522657,0.915552214269344,0.887852580106915,0.991874653134812,1.09203241588243,1.09950839734354,1.08426773079648,1.10850357580127,0.947400030301218,0.945378334067758,0,0.725041352792576,1.0657384692221,1.08021333780406,1.02446646588963,1.06956619130083,1.08415013554351,1.0474926032706,1.09283998907578,1.09583066277181,1.04961101049876,1.05462406676149,1.00982055207678,1.03232890240859,1.07238957222818,0.961378930845582,1.11392476079053,0.984836547074873,1.07572442267566,1.0566611945746,1.1241045046314,1.0929874446343,1.03425346113741,0.959042258067825,0.959279700112779,1.03021070531613,0.979885083908459,1.10770563021868,0.971323293651278,1.09808275090404,1.12141650354079,1.09050597473778,0.984807249750121,1.02349340036719,1.09210839125842,0.920084849630143,0.939977294470164,0.978648510880597,0.925402397327184,0.948641073823184,0.915450811753298,0.930473566712329,0.932406476303824
"Duvernet_Retraite",1.01989133004702,1.08534999477593,1.03096735894893,1.08592717041197,1.03920331596188,1.04478156213223,1.04437491878421,1.04530487369352,1.01633839629948,1.05267935673236,1.00832749213918,0.999407294127571,0.98194084541272,0.985748027136853,1.04466132357336,1.03938715076415,1.05027534649738,1.07947550791826,1.01171683131618,0.963443701356054,0.725041352792576,0,1.02046895454794,1.03140210662854,1.01908868567985,1.03486384315068,1.10279827160689,1.0371803857334,1.0593218342829,1.12690106644792,1.07367502652378,1.08203556777001,0.993794739604588,1.00446541616786,1.02485328176482,0.997493479633657,1.04471825449189,1.06360253417589,1.05938808274413,1.04368954955174,1.08152303781488,1.10159043462531,1.06112209443802,0.975686742270177,0.98934759356336,1.05069108403164,1.01376052802668,1.07822786636606,0.961960095367721,1.0463123592021,1.059539135394,1.04486670239301,1.01751313547916,0.992921215664712,1.03694258386102,0.977854799887457,0.958987978282265,0.978486611589,0.974981352953686,0.954468944965642,0.949889050066231,0.969627605949687,0.971761026873915
"Florian_Estelle",1.02876413076818,0.81280783963142,0.954662135751137,1.02394757545506,0.962223858558095,0.879025555379389,1.06210846318045,1.08540809924667,1.1478489493199,1.13322691611773,1.02672900948217,1.11480051147094,1.12013139112728,1.06226137741321,0.915272573186659,0.887171859730912,0.94537676528662,0.795562166067418,1.09790774853167,1.04600243885587,1.0657384692221,1.02046895454794,0,0.521404135319345,1.04764090521986,0.991597100292037,0.929582733606713,0.982668181232496,1.06405981988107,1.10889797479005,1.03600491790638,1.03057639903808,0.906696938984851,0.943752341793313,0.967561308335031,1.01285153930751,1.06309631099668,1.10502743015367,1.09441495004551,1.01994971814642,1.13965684336218,1.12411757711631,1.0528315918154,1.08624857049314,1.09168802505706,1.07412301587642,1.10100081207195,1.05363633070105,1.12891114728182,1.01651622661468,1.02145233988754,1.01752658751538,1.08100455890894,0.93779483185074,0.833587916755482,1.02756652173113,1.11249804088864,1.05785698109865,1.14026532218206,1.043672553579,1.05921339937999,1.12620527524348,0.972542252943576
"Florian_Galatee",0.970001023254771,0.862663017484672,0.989404812243165,0.994668709907824,1.00613568216329,0.903332795370324,1.03033518239076,1.09786884283316,1.14101064755862,1.0949752940524,1.00783183982568,1.05429882651696,1.12844093210549,0.977253858970676,0.949619435180223,0.893025647377241,0.933154344710628,0.825153196131475,1.14157887949369,1.02983768625012,1.08021333780406,1.03140210662854,0.521404135319345,0,1.07823054806639,1.06017636617843,0.91800524709809,0.950466828492504,0.957544964101928,1.03533152184136,1.00024943230711,1.0039342462028,1.03331155476027,0.964219047936108,0.926990124899074,1.01958555229029,1.03463423668354,1.15997824054227,1.10659647897013,1.06007447090229,1.09359098696739,1.16571705105736,0.967501732428874,1.08589611040362,1.04568431733989,1.10871347970692,1.11314786566226,0.988783045637886,1.09266627052169,1.07695999698175,1.03772435893646,1.06524988281417,1.1750790004531,0.952856362038819,0.843390574670932,1.0645213738589,1.05888127465895,1.06458729377042,1.14462463760277,1.01943016085351,1.05641863345057,1.10717341657829,0.9835167688909
"Genlis_Emigres",1.00022808438732,1.08370662881472,1.12599407263265,1.05504015509544,1.05867082354981,1.20637432403766,0.840190088068221,0.930253932690799,0.843547729192058,0.801924133757139,1.028550016129,1.07890183865814,1.09564470184837,1.00850119612031,0.916774367328537,1.00125865917401,0.935720186997177,1.0362321713824,1.03282826610382,1.0274757893831,1.02446646588963,1.01908868567985,1.04764090521986,1.07823054806639,0,0.54424772540338,0.893923600660957,0.951501919742005,1.03948419821166,0.930378317685222,0.933370091753309,0.919725187022822,1.15785434940908,1.14947497761447,1.00710513702141,1.07957750720023,1.05189828758352,1.06000203086478,1.03983171533677,1.04279612079663,1.08573727477761,1.00487933604926,0.978092456434835,1.0224013357594,1.01181819863627,0.849128815146522,0.822649556004008,0.908467870329999,1.0769084227692,1.04738115934039,1.04201548693223,1.12753883716035,1.08385052784778,1.07982366801083,1.12885441050846,0.948452636140035,1.03587421336014,1.04328803002127,0.992310176823329,1.0343844830519,1.044081832231,1.04730385594222,1.07946223152832
"Genlis_Meres",0.998576582410291,0.954432823261008,1.0170679388422,0.969399535472356,0.965025479350442,1.09035322050289,0.905899134880458,0.989009134126421,0.965012983409811,0.974452798252786,1.02646040193014,1.17344460380782,1.13248310171872,1.05116859544962,0.888428902555129,0.954887994542655,0.981638972876836,0.952493572810997,1.04603785716144,1.08109084699281,1.06956619130083,1.03486384315068,0.991597100292037,1.06017636617843,0.54424772540338,0,0.870411057043199,1.02473206792536,1.04899716825027,1.01187141715351,0.994224529054572,0.937740232579117,1.07259822074018,0.966234698816478,1.01845247729352,1.0506827680152,1.00178857399406,1.02336352981977,0.96873751442386,0.910578279619751,1.01883951461998,0.950477321189855,1.07531887530539,1.12761599436744,1.11273333872443,0.884151945740761,0.911482060353003,0.888209946066907,1.10362715078437,0.96682924525069,1.0022245383538,1.02687515881048,1.0001658103697,1.05648919498455,1.06148425152665,1.02496786569028,1.14578115037602,1.07763838584677,1.06504655636366,1.07729955927491,1.07551918093569,1.11405570125761,1.10135771622386
"Lagrave_Sophie",1.01583234935548,0.879918075869659,0.907000114102812,0.935974269750121,0.99092412192011,1.05011034656771,0.981200329643989,1.00950833734305,1.00126708517911,0.938647754921384,1.03193950801711,1.07604932248506,1.10232747297384,1.00313041019619,0.896015753029461,0.946302187454467,0.984850932450829,0.891395577341297,1.16588166199708,1.10120587084046,1.08415013554351,1.10279827160689,0.929582733606713,0.91800524709809,0.893923600660957,0.870411057043199,0,0.735900460758182,0.986743569598547,0.901875613410673,0.920445249134277,0.908382539805157,1.07926058597544,0.962430587726022,1.00933465839486,1.01688334392555,0.973127005753647,1.06932774454137,0.991386256349802,0.907608368868362,1.00682855121628,1.0418101364999,1.03345268516653,1.13593873600305,1.07821568957204,0.866946450001108,0.883268485648176,0.911590261639783,1.13527578589975,1.00688401088551,1.03053480924618,1.06849436105644,1.09247301733851,1.08186456925064,1.02071975144888,1.07663015866207,1.14793249012389,1.13164314942679,1.18977301430527,1.12074142716609,1.13817126903915,1.12166925370846,1.19929605503537
"Lagrave_Zabeth",0.937043946396948,0.993088873451011,0.989777634535837,1.04204723068215,1.01657148641974,1.09988794092889,0.927778640834743,0.995972600824767,1.00539838234638,1.02320736005032,0.889954947791726,1.02402907466352,1.13495179051034,0.911961181234657,0.849429546016219,0.956876180515369,0.945159756354488,0.956187690796621,1.15831080333922,1.07845981068289,1.0474926032706,1.0371803857334,0.982668181232496,0.950466828492504,0.951501919742005,1.02473206792536,0.735900460758182,0,1.0311664877272,1.03031476063658,0.93858359249128,0.917639618159271,1.12533672595291,0.963748453753715,0.97767282028179,1.13312000228209,1.00397678944395,1.14357904297836,1.04388740896006,0.976718574822852,0.988257103609645,1.06125146636885,0.934681839738463,0.958735328036281,0.986087366748964,1.09493780317105,1.04824346619739,0.882122709889272,1.05511224136786,1.09033350525497,1.01380586827747,1.11549284687865,1.18166028796696,0.96414669192873,0.942534210635931,1.18648440507397,1.02199158137101,1.10278759102762,1.17686018540264,0.938060782065507,1.10822047797186,1.07436243645095,1.06006479671474
"Lesuire_Aventurier",0.894697894502732,1.01335905144132,1.07028312966249,0.907146262565072,1.02083876980441,0.974710198203938,0.997921496848394,1.14696457249158,1.15721004762592,1.06619559871908,1.02149007817111,1.14630771805285,1.12848042276391,0.939108932937671,1.03195842328187,1.0120542348122,1.03585514026559,0.985505801430293,1.00232803252028,0.980649427070123,1.09283998907578,1.0593218342829,1.06405981988107,0.957544964101928,1.03948419821166,1.04899716825027,0.986743569598547,1.0311664877272,0,0.519243930697643,0.901831314328259,1.00456253066061,1.09534048310648,1.08066286014276,0.929558981372771,1.03737462569405,0.898885152444945,1.06015972476597,0.947620673791822,0.916564613513011,0.89647598332213,0.930127764929023,0.872289173222868,1.06376343660303,0.962746021553078,1.09907172764928,1.08247150527818,0.86827943832615,1.01475580724859,1.03866849494888,0.977724268239766,1.00465714237172,1.17736886739113,0.984157702932966,0.965053331903046,1.03976221829236,1.02058563312313,1.08409776596514,1.07955077582168,1.03928173880101,1.05025254975563,1.05772449027786,1.00822489290425
"Lesuire_Crime",1.02661250893475,0.985542939618016,1.05092149534642,0.96481233355609,1.00716397181938,1.03690765284808,1.01910126153074,1.06728672421433,1.03694252418271,0.908641652257201,1.06781022208253,1.03905159911022,1.0599140797826,1.02559547307761,0.986911470395748,0.955871900190456,0.950414309315122,0.926500929366379,1.07325446265593,0.997377566319492,1.09583066277181,1.12690106644792,1.10889797479005,1.03533152184136,0.930378317685222,1.01187141715351,0.901875613410673,1.03031476063658,0.519243930697643,0,0.90684650530474,0.911729595018724,1.06563551364786,1.09406869451062,1.01125910180882,0.979366985398539,1.01573446950478,1.01089552753555,0.955582203831094,1.02786262853854,0.982033009254187,0.978449741593532,1.00460270322981,1.06881536755558,0.995227124260071,0.840901682725692,0.816861800644916,0.936037320117179,1.08371779322481,0.987836635665475,0.978409350575533,0.9957389625266,1.08347693798677,1.09776772772602,1.03965303237965,0.959344968592247,1.04961546267564,1.08778394328601,1.04855605857324,1.0801170436655,1.06992032787435,1.09361818532886,1.13924659736484
"Louvet_Annee",0.938401591245812,1.03444232836343,0.974347429815886,0.974445912052193,1.05758305059376,1.0321101764818,1.00152010387508,1.01710069145751,1.0084666675119,0.932964476981925,1.01808822176398,0.902463288960468,1.04586177950287,0.894517516297106,0.925756658737776,0.938674013212312,0.936036984736817,0.942478664982036,1.20384548179724,1.05719167925196,1.04961101049876,1.07367502652378,1.03600491790638,1.00024943230711,0.933370091753309,0.994224529054572,0.920445249134277,0.93858359249128,0.901831314328259,0.90684650530474,0,0.453887624937488,1.12312461517012,0.999421613569743,1.01104343189577,0.969825625151993,1.05126406386113,0.978023821229505,0.975279924152519,1.08545413167223,0.995860272581265,0.947592638555533,0.902124919783501,1.08771776851116,0.950450634658334,1.02737150076191,1.02906076330756,0.897220966492857,1.12610520501404,1.07754645825603,1.05276296843604,1.11132910734572,1.13226684184525,1.04831670045212,1.04738781133885,1.11446821155506,1.05739259593576,1.11983592439437,1.1411073176278,1.0983679681921,1.12392509384568,1.08667347502887,1.11520362652959
"Louvet_Fin",1.01980102750401,0.939691065618619,0.938212924560659,1.01510913733178,1.01313446980078,1.06098924300927,0.966685894385975,0.92651347777389,0.983183960207067,0.918268248424643,1.04572800226704,0.916312333871493,1.02117857677916,0.937775939288085,0.872884610258485,0.889618193107292,0.926246315224003,0.891810577066622,1.21326851580597,1.15045902818451,1.05462406676149,1.08203556777001,1.03057639903808,1.0039342462028,0.919725187022822,0.937740232579117,0.908382539805157,0.917639618159271,1.00456253066061,0.911729595018724,0.453887624937488,0,1.10878227863312,0.953708064074824,1.007996308083,1.01172538835677,1.12414353605824,0.880415393663374,0.932795455691656,1.10872649642883,0.981346679997193,0.907157177800821,1.07047940092122,1.12690050298423,1.03255720734651,0.989896909318832,0.958633001586777,0.969759190202113,1.15402534357431,1.00022260398771,1.03651490251532,1.06730465056535,1.02446157962396,1.08673116763522,1.09044824628622,1.13939210246955,1.10813092880554,1.09801369804504,1.14458685802384,1.12338014797169,1.12059456979126,1.10394561971623,1.19689382325741
"Marmontel_Belisaire",1.21872885473489,0.938066986083633,1.0174510828795,1.03379084879163,0.937877025786633,0.898419902095291,1.10746281660901,0.978179591921611,1.06252338224898,1.15287288043942,1.05668098725607,1.08297348759791,0.937374545781584,1.09502154207277,1.04267038144376,0.993725852088392,1.01261554771398,0.950897163094683,0.88205238096375,1.05865630540437,1.00982055207678,0.993794739604588,0.906696938984851,1.03331155476027,1.15785434940908,1.07259822074018,1.07926058597544,1.12533672595291,1.09534048310648,1.06563551364786,1.12312461517012,1.10878227863312,0,0.67492494646482,0.915304973889433,0.997629920063624,1.1463112908911,1.07525429098367,1.08880202475226,1.04568673667372,1.13217276493654,1.12636738618408,1.09908219516289,1.03646814051761,1.19320885219254,1.01094437941911,1.06242947187442,1.18668774775416,1.11206847652564,0.828807961653936,0.982438332630464,0.918559889529465,0.831091572654185,0.976505065937782,0.990544154736798,0.939318771842911,1.03361213736325,0.905282284732916,0.89658053548604,0.955567969638131,0.918536612346764,1.01706972817885,0.964922744864151
"Marmontel_Contes",1.19959546805436,0.889369033232523,0.819474243094645,0.993489872061074,0.953502359746348,0.985987765693739,0.999618679574874,0.981767010124594,0.96882684443943,1.06998117615637,0.959368632603606,1.05980782811264,0.968608058255662,1.03670643171734,0.867810007807407,0.999666688324504,1.02145883966587,0.984193300922677,1.17004100783143,1.06977597959228,1.03232890240859,1.00446541616786,0.943752341793313,0.964219047936108,1.14947497761447,0.966234698816478,0.962430587726022,0.963748453753715,1.08066286014276,1.09406869451062,0.999421613569743,0.953708064074824,0.67492494646482,0,0.780367287959024,0.950061633358323,1.07034316439447,1.07307137832431,0.984707430920869,0.91813802115045,1.00352866800018,1.01414220033689,1.11726768327519,1.10319626841731,1.19036850668304,0.986654904873497,1.03568235869656,0.979607819692309,1.17869877457754,0.975763017944419,1.10205887518606,1.08340258920468,0.990526912907777,0.974664111915342,1.01305558239823,1.09599038432032,1.13208070535264,1.06772704177116,1.1317152247794,1.00719117162669,1.07106875051873,1.0834519742535,1.08814308904734
"Marmontel_Dejeunes",0.958973969059734,0.98012306997127,1.03826349416033,1.00936438306555,1.01668012727406,1.06776099515364,0.932446289140043,1.04729211191458,1.04062347918873,1.01450059530206,0.990362147809412,1.05067544078123,1.09125125797206,0.918854647479292,0.965119543336289,1.00496353152379,1.01938298588431,1.00636306130547,1.12424649166915,1.05081368179435,1.07238957222818,1.02485328176482,0.967561308335031,0.926990124899074,1.00710513702141,1.01845247729352,1.00933465839486,0.97767282028179,0.929558981372771,1.01125910180882,1.01104343189577,1.007996308083,0.915304973889433,0.780367287959024,0,1.01561927579147,0.985257179843719,1.10289387377196,0.996182518490471,0.969792403405366,1.03264493349166,1.05024607360729,0.997341504633728,1.08489173973169,0.998004135157743,1.09402995453333,1.06210165414528,0.925227192409141,1.09798191550972,1.07695624428987,1.03131086021643,1.09852440322109,1.13329894280546,0.98042473786789,1.0040038931764,1.06351641137771,1.06902772081143,1.02516965818832,1.08991926321539,0.992539501711114,1.0898480163444,1.07404688419313,1.06806450995929
