"","Arnaud_Adelson","Arnaud_Anne","Arnaud_Bal","Arnaud_Batilde","Arnaud_Clary","Arnaud_Epoux","Arnaud_Fanny","Arnaud_Julie","Arnaud_Lucie","Arnaud_Matinees","Arnaud_Nancy","Arnaud_Sargines","Arnaud_Selicourt","Arnaud_Sidney","Arnaud_Zenothemis","Beaumont_Belle","Beaumont_Clarice","Beaumont_Prince","Cazotte_Diable","Cazotte_Honneur","Cazotte_Ollivier","Charriere_Caliste","Charriere_Femmes","Charriere_Lausanne","Charriere_Neuchateloises","Charriere_Noble","Charriere_Observations","Charriere_Ruines","Charriere_Sainte","Crebillon_Atheniennes","Crebillon_Conte","Crebillon_Nuit","Diderot_Ceci","Diderot_Jacques","Diderot_Neveu","Diderot_Oiseau","Diderot_Pensees","Diderot_Religieuse","Diderot_Supplement","Ducray_Cinquante","Ducray_Coelina","Ducray_Soirees","Ducray_Victor","Duvernet_Devotions","Duvernet_Guillaume","Duvernet_Retraite","Florian_Estelle","Florian_Galatee","Florian_Numa","Genlis_Adele","Genlis_Chevaliers","Genlis_Emigres","Genlis_Meres","Loaisel_Ainsi","Loaisel_Comtesse","Loaisel_Dolbreuse","Marmontel_Belisaire","Marmontel_Contes","Marmontel_Dejeunes","Marmontel_Incas","Mercier_An","Mercier_Jezennemours","Mercier_Songes","Nerciat_Aphrodites","Nerciat_Doctorat","Nerciat_Felicia","Nerciat_Monrose","Neufville_Almanach_text_only","Neufville_Confessions","PigaultLebrun_Adele","PigaultLebrun_Enfant","PigaultLebrun_Kinglin","PigaultLebrun_Metusko","Retif_AntiJustine","Retif_Paysan","Retif_Paysanne","Retif_Sara","Retif_Vie","Riccoboni_Ernestine","Riccoboni_Histoire","Riccoboni_LettreJuliette","Riccoboni_LettresAdelaide","Riccoboni_LettresFanni","Riccoboni_MissJenny","Riccoboni_MylordRivers","Rousseau_Emile","Rousseau_Julie","Rousseau_Reine","Rousseau_Reveries","Sade_120","Sade_Aline","Sade_Crimes","Sade_Infortunes","Sade_Justine","Sade_Philosophie","Voltaire_Amabed","Voltaire_Bramin","Voltaire_Candide","Voltaire_Consoles","Voltaire_Eloge","Voltaire_Homme","Voltaire_Ingenu","Voltaire_Jenni","Voltaire_Micromegas","Voltaire_Oreilles","Voltaire_Princesse","Voltaire_Scarmentado","Voltaire_Songe","Voltaire_Taureau","XXX_Etourdi"
"Arnaud_Adelson",0,0.734822155147197,0.89974515520506,0.761143007951276,0.801312220471846,0.642754340043686,0.743014243842478,0.818514509836373,0.733469851041782,0.722132784643519,0.764791739048998,0.83545176003875,0.696902361349338,0.770716725618887,0.759512996617449,1.05180057091282,1.07681356106764,1.04068775258996,0.991413853934095,0.97009533987488,0.942483457566731,1.0969536970492,1.1342619062239,1.13644899091326,1.16698045515839,1.06069860602748,1.09648476723364,1.07641492469032,1.13343019673718,1.03271455731896,1.09366546350553,1.06488532282197,1.05402973701409,1.10983782292437,1.11420291295707,1.10992430132943,1.05124953531404,1.0520413604499,1.08010174826106,1.00051825091712,0.924442334898145,1.00968636597204,0.871293433445881,1.12888825271091,1.07827958171086,1.09124363702516,0.937251253066768,0.962018303580634,0.911772518488688,1.06886122881302,0.941545054803334,1.11112472711482,1.04782122205273,0.993974663102028,0.807424977342471,0.924269045591924,1.01937282845412,1.02759064617028,1.04203138245931,0.908963334672266,1.03509395043736,0.903303849179665,0.93807797819293,1.08808140489765,1.05169807101217,1.06839841471243,1.08206528264933,1.13219109635778,1.04371753851137,1.06974742932634,1.10139008227395,1.13774573488835,0.918050115659877,1.11456982560445,1.06464902170107,1.08286719780222,1.05673562932052,1.15957890208622,0.981623791511162,0.99547627752209,0.957471514105582,0.974914385747466,0.971492397873959,0.954424723523038,0.998043372206001,1.12538503880856,1.02007410489226,1.11667089306296,1.04517920463635,1.09984081451061,1.03918777792772,0.909075354590337,1.03127601204582,1.00234248194998,1.05419802512461,1.07922367824665,1.06348992148924,1.12397634543335,1.07897061690592,1.09630278762131,1.13880959093084,1.07380877177661,1.10050819445662,1.11024790088754,1.11466656282678,1.12239654449907,1.10351979289755,1.107351975181,1.10041241698774,1.05182183326096
"Arnaud_Anne",0.734822155147197,0,0.938752228881239,0.757223725757936,0.743914349067465,0.635870704005412,0.667790245384301,0.732530703467313,0.704690530345367,0.752468247309803,0.73487663751547,0.863611843589707,0.744837468313336,0.679450110795101,0.727636250588944,1.06174788554967,1.03704670597362,1.03305669027274,1.02958877606712,0.97762806697175,1.02462614962281,1.10830838126401,1.09790448688341,1.10353428753803,1.14486297729788,1.04857230085837,1.09180166275742,1.08570605301904,1.13237444781538,1.03402637721414,1.10793494946384,1.06350812181808,1.02956366985534,1.10542162497905,1.11008859699154,1.12393838394773,1.04121583745371,1.02798134507725,1.0204426346036,0.983981871304539,0.968601060672592,1.02665611991573,0.934441369938491,1.1063302673236,1.08823905897394,1.06586281054764,0.967347474412039,0.983813822673594,0.904298076249413,1.06754331225279,1.02698727236148,1.11664401311947,1.0781195928104,1.02718520640902,0.80168965083903,0.912847263645444,0.987197420982492,1.04008325233479,1.06052804336957,0.93248383387974,1.02652590532144,0.923497346879799,0.927639393721063,1.13026204899795,1.08886071920064,1.14187934809558,1.16029406557208,1.15257426384584,1.09684824801478,1.0466079743921,1.13211095112285,1.14811054461621,0.934560576394182,1.1307774540563,1.08764457386737,1.08488286063801,1.11807345164456,1.07302402755167,0.977860347885195,0.989162320409842,0.974235753025288,1.01192997294567,0.98397562617715,0.944718856676593,1.02151398301434,1.07629204115569,1.00388706493692,1.06856269804153,1.09856504013602,1.12772659000364,1.04398862491491,0.965113639099436,1.03422330253383,0.99752737532932,1.01062592012939,1.08753677687294,1.06485011042022,1.14029303898937,1.06402845354691,1.0633759452611,1.12036550104106,1.09406276383876,1.07874313568109,1.1135248441718,1.10909746274298,1.13888302699015,1.08956832547972,1.07927241550164,1.08480040878759,1.10208622458156
"Arnaud_Bal",0.89974515520506,0.938752228881239,0,0.896727322157283,0.943856260205003,0.793977863482608,0.885491300857436,0.921334167555186,0.855309718392446,0.898054160256267,0.907294837022417,0.934500941874531,0.862917766434149,0.918445688656277,0.967152052701429,1.00806765094269,1.08378000994209,1.04146273984969,1.05528908358159,1.0030462725508,1.05524470600961,1.06967733354129,1.04098719603938,1.07124497991724,1.05717935043288,1.02857244619421,1.01131420510343,1.0565424507599,1.05428397883203,0.974172537334309,0.944255860600788,0.956492518336498,1.0193363589801,1.00153029127632,1.0392012677339,0.993600367177732,1.07165411734581,1.0920495430197,1.0383066438889,0.981284930757479,1.02781402497344,1.03392770272204,1.0345128939267,1.03021815427165,1.05297672000499,1.03177714010701,0.99769354495352,1.02353127593311,1.03623771332378,1.0335211296254,1.01288452755621,1.09565884215647,1.04716920930585,0.995093984457291,0.984515190938204,0.971078989719987,1.06899899624162,0.872416143662462,1.04007046555707,1.02957345382093,1.11376249247675,0.982781775144839,1.0246492924896,0.984511041042445,0.989722606860029,0.936531495774222,1.01030739843056,0.994733788718751,1.02093018800669,1.01972453412383,1.03936834546231,1.04467065336019,0.989618728070934,0.985028683383722,1.00684403492798,1.02019842700695,0.973065445158822,1.09332239149846,0.968421035664319,0.916694286580066,0.975591469903997,0.987978370903425,0.90429889831551,1.00904211409561,0.996689564279552,1.07342099114132,0.99928366976055,1.02093943887314,1.07828697123759,1.02187894355536,1.06746916212282,0.965257236458046,1.07129787507961,1.05348338328651,1.0238903503188,1.04780668433058,1.03812341574397,1.06443367663382,1.03458885216582,1.07257218645393,1.07891999627894,1.02414825786321,1.09312622717492,1.05874929114937,1.08597530243826,1.04461142175675,1.10497277259571,1.05578345459093,1.06763990792456,0.945477650409059
"Arnaud_Batilde",0.761143007951276,0.757223725757936,0.896727322157283,0,0.793635120409273,0.697670465810317,0.804058687119096,0.849010586869579,0.683131440156599,0.75832666799515,0.843603389259017,0.833200829147014,0.691538237127416,0.774627840253212,0.750141415480102,1.07618457884735,1.08775991224499,1.03765245986172,0.996263671050666,0.94588769977766,1.01180241450986,1.10126590748522,1.11044827684,1.09798679200883,1.13635668136037,1.04925970413307,1.04473465180199,1.08769242465864,1.1348405587133,0.949503454440065,1.03233025492515,1.01391732585389,1.04019291060955,1.15101293485721,1.14029173770595,1.11559444737695,1.06744510425189,1.05882076416779,1.06364482570904,1.0156121421264,0.999710487247432,1.07808014255768,0.971762411181401,1.09073594311302,1.07724326337047,1.06904974944096,0.959004525275347,0.976570000922766,0.867208834634474,1.02917772540429,0.959943769523751,1.11888625889876,1.03638235475737,0.968270135141433,0.880097392959338,0.948666087532526,0.935685983574829,0.932764291559031,1.03611504695717,0.916630017203775,1.01790370863087,0.922153060697145,0.942743211598489,1.14216917322891,1.0830046166403,1.13011113919063,1.15722843295174,1.14405277187106,1.09295079986637,1.08406293503298,1.15486872803586,1.16565749450227,0.931777349535598,1.15072648373349,1.06697210915235,1.0850340265744,1.10188789053082,1.11437022658841,0.949096685064038,0.960426163534151,0.926674418507127,0.928016061846918,0.914060277778252,0.903973934778616,0.963239769570235,1.09308295823906,0.972574088522897,1.06197808382924,1.08856593291092,1.16102929951667,1.06424188421333,0.979338515112733,1.1102221685286,1.06927050805845,1.05347237557303,1.0852670942685,1.05469153547772,1.15731625918918,1.06619388408392,1.06872180058316,1.13895138559308,1.12522574906258,1.10827612860382,1.13089424951191,1.10241054596016,1.11824973714528,1.06939480368374,1.08411271340152,1.04456124412993,1.07085029105261
"Arnaud_Clary",0.801312220471846,0.743914349067465,0.943856260205003,0.793635120409273,0,0.680533214470231,0.725104247467059,0.726080756516638,0.792026423620897,0.797347294400738,0.801323597188803,0.919744946059995,0.790748708719232,0.745509281243581,0.82194703601934,1.06774003134289,1.02021986481373,1.09975402608716,1.0015520197259,0.984233186413398,1.02688850220446,1.06528334682041,1.09634841086003,1.10666927086676,1.08613819016879,1.05406454663665,1.09552714140262,1.06412423733046,1.11528735429828,1.04879826901227,1.13417805475616,1.06428447684742,1.03623253939094,1.10939925514805,1.09670232926617,1.10690500094101,1.06230252567431,1.02635478716697,1.0393662867542,0.982867623912916,0.990174793057852,1.01777098220251,0.947896113197367,1.10582272271025,1.09609986434326,1.07097265579297,0.971419433490507,0.966538197649372,0.935016351351738,1.01696898023948,0.985984821398931,1.06222175524882,1.01945995098701,0.982548627781408,0.917566881038547,0.891095781272987,0.985740588292898,0.974346939175812,1.02474202785819,0.966723640755427,1.02423237378614,0.933377780368317,0.946675051844647,1.11283824461871,1.04545133165404,1.0831495919992,1.1007151337192,1.10471949274458,1.03349327541421,1.08413920505569,1.07746517702385,1.14927476917077,0.982303033754121,1.1010840750644,1.01784400671286,1.0255645724251,1.04116880125318,1.06053828406613,0.964691511809905,1.00236043444571,0.969020112788205,0.988078683926958,0.938493503556149,0.925651362788903,0.98452511351761,1.06530981263781,0.955932935510321,1.11258239010046,1.04504980308599,1.13416874581476,1.04244960300085,0.970606940205904,1.02888119285838,1.02493185532144,1.04263016261585,1.07912812897752,1.05962760966028,1.11920368923581,1.07830651162966,1.06335908070455,1.12234368221959,1.08078458734747,1.08306620548437,1.10541414383069,1.07445577786313,1.12931249157214,1.08603329392574,1.06767147018345,1.10936578130633,1.03124565016897
"Arnaud_Epoux",0.642754340043686,0.635870704005412,0.793977863482608,0.697670465810317,0.680533214470231,0,0.72726002503235,0.778040345127962,0.630656334157883,0.630371175807624,0.743957737736022,0.866989366145023,0.632573022894064,0.651837447144007,0.718273645884356,1.11273982174298,1.0312220819326,1.09504010730825,1.00271592946579,0.987855304902207,1.07144757739167,1.07042486243236,1.11986089778958,1.11803823602564,1.12176964553538,1.10862731338129,1.09502292214758,1.09458357045369,1.17071138978319,0.931055635669585,1.04768655036877,0.98985601099736,1.05876958004859,1.15276128323356,1.14221564937915,1.16061125145301,1.03924933117459,1.05399895406232,1.06790414536838,0.978614548670063,0.964346961099901,1.03167852383054,0.914757604350778,1.15941834601868,1.12467197799917,1.14527365732167,1.00648440816891,1.00679163715879,0.957253265949311,1.04925993734258,0.984397600328727,1.11294701023346,1.03773870806699,0.970100476643779,0.837643813022976,0.886373677011824,0.998775079026518,0.978609744485268,1.03460183518887,0.954827286869874,1.07815726547028,0.884917698958223,0.94728793092952,1.12126401904946,1.03591690806633,1.07548531345466,1.11568809911094,1.18208192933428,1.02286531594877,1.11176908050612,1.14057065616052,1.19839328425938,0.982142940729859,1.13775590079529,1.015753800691,1.06272911526126,1.0314689216118,1.15550218343902,0.965221829716387,0.974353855507893,0.904413011860153,0.931402949675729,0.870887339116199,0.921266338534656,0.963836240509786,1.09749318782929,0.920211288285134,1.13262144756784,1.00590265928322,1.18166187118767,1.01038724554479,0.897623829096998,1.03087757455499,1.01209653617328,1.0150005682635,1.07144486679179,1.05365446989728,1.19116924240768,1.10965704474866,1.09628081326604,1.16055730388781,1.11315613677891,1.13075381089932,1.13942517423482,1.12253768571442,1.20871915578002,1.11755192276836,1.12596721997173,1.14386520972901,1.05623347228043
"Arnaud_Fanny",0.743014243842478,0.667790245384301,0.885491300857436,0.804058687119096,0.725104247467059,0.72726002503235,0,0.798794230161982,0.783523423084701,0.786351652834254,0.775240048641453,0.868011070770015,0.813678423603856,0.754130489449612,0.800070258338334,1.04722862590233,1.06803261746571,1.0391140421136,1.05995872167828,0.997602533368257,1.01555262979544,1.09461128705531,1.12250439717022,1.12199022259391,1.1385776435614,1.0297621591829,1.07140605777826,1.05750763248322,1.10634349714592,1.102826836584,1.12373360862682,1.08572689947689,1.02570680390708,1.05062368395822,1.05279452934218,1.11738625930492,1.07047557398823,1.08486924070307,1.01198871565947,1.00126978090408,0.96277648567603,0.984955520074217,0.941764137478987,1.04550132841109,1.05056710796876,1.04671028026517,0.972472579986577,0.990471560945374,0.909044720357854,1.08850341094916,1.03254320870728,1.09026080794413,1.06652201468707,1.02588755129841,0.866146948015808,0.917209379073843,0.991926311261314,0.98267644230404,1.04468501245692,0.934015142384695,1.04339934137448,0.975596642111522,0.944746467469386,1.07619434470884,1.0756230033429,1.10771499885214,1.10737677906914,1.10793317127342,1.10311119291065,1.03264349458114,1.12910694453501,1.11785874578708,0.953840089769482,1.06498540391215,1.03651420452779,1.04516720585442,1.09376298181307,1.04568690300229,1.01600377663966,1.03246764133575,1.02942994182854,1.03103659172118,1.00205177218781,1.00593213111837,1.03131846557022,1.10284626167741,1.04148618974083,1.05197753888407,1.13164647310486,1.09477564631445,1.05881058584992,0.935961253202971,1.04197828880768,1.02028764533947,1.01775519822288,1.05896994779243,1.03970640765643,1.09188413618131,1.05384727699366,1.07779161584352,1.09319885635648,1.01931694942942,1.05447447150698,1.11062730863902,1.06652306740958,1.04903126782916,1.06851431503935,1.06429519001529,1.07078442445028,1.07325750780275
"Arnaud_Julie",0.818514509836373,0.732530703467313,0.921334167555186,0.849010586869579,0.726080756516638,0.778040345127962,0.798794230161982,0,0.820991234058412,0.811655225783901,0.764882137133189,0.868730568815676,0.826213259554393,0.793360353557883,0.791127210843402,1.0685341970728,1.04415847183923,1.04786941143723,1.05100138512455,1.0186711847674,1.04984750452232,1.096870844838,1.08224066418444,1.08547037539337,1.14773221010457,1.02677648608428,1.05593827389546,1.08468387038697,1.11397092739396,1.02720834632854,1.06703022251721,1.069327135285,1.03806229047356,1.14098841520716,1.06724465718537,1.07684530945391,1.03296585198761,1.08402110061362,1.05456203575492,0.998484129270042,1.03606168693591,1.07086707612402,1.01457535225902,1.0762667321017,1.07105564646502,1.03108919482742,1.0516653695653,1.07368661095964,1.0171982964739,0.997446704845306,1.02267446381975,1.09639381210092,1.02085472035295,0.976476657840881,0.890821248890123,0.838943627247693,0.966097378702067,0.944267728782709,1.0632003159394,0.992389165849503,0.951701012128835,0.957046749231575,0.926847897896874,1.0970522906636,1.0514825281395,1.07234789674859,1.07378217140832,1.05590342924948,1.05506209437994,1.01988012334154,1.12693914725781,1.0840928212701,0.973698582757828,1.15556838388595,1.02890430651409,1.0485173610528,1.07131124521142,1.02368900229356,0.940764983908643,0.950410046101768,0.969364526241172,0.987022958147251,1.00763438901164,0.977981204987854,0.989316212797211,0.993053101636311,0.968233339660401,1.03706068315262,1.01451843647878,1.1019582705909,1.05444476824093,0.973647944406711,1.04293980883162,1.04566333076156,1.01458026053876,1.07938608763926,1.06161885443479,1.12043523227592,1.05723328216949,1.04465921158018,1.09211381290178,1.06219799111634,1.08629480058439,1.08681458988173,1.08101918328921,1.08460737908063,1.08593890677812,1.04436174862829,1.08207592070884,1.04189606890285
"Arnaud_Lucie",0.733469851041782,0.704690530345367,0.855309718392446,0.683131440156599,0.792026423620897,0.630656334157883,0.783523423084701,0.820991234058412,0,0.718674787089873,0.793583751044203,0.886369943518534,0.620105685120772,0.790771958409439,0.761576090211167,1.04983524198145,1.11759925948069,1.07090593250048,1.0360339093789,1.00779381810684,1.08348373545457,1.09696433298695,1.11731221584063,1.11634966001686,1.11639784351343,1.04157881335301,1.07004816081545,1.08835244029233,1.10952566414796,0.982459746859685,1.05251986615278,1.01282590727536,1.03174538521877,1.13823626575658,1.15446271181903,1.1330159730629,1.05469046930472,1.04645742127979,1.10060029223472,0.976754684948149,0.980315445782259,1.06357524582347,0.954067106936068,1.09302991629877,1.10513073923368,1.04953801880871,0.976489495217391,0.986748784291719,0.925130467693738,1.06008213947872,0.977952753764195,1.13796445656953,1.04626095745096,0.989352354693436,0.830158636579491,0.924816132932616,1.03952570892593,0.972491414137822,1.04085727804487,0.947809405232341,1.08660541943699,0.943394683873815,0.988364633015782,1.1105015278011,1.08843466004288,1.1123449176483,1.14287452292215,1.12184674361895,1.05160390241175,1.0492735738511,1.15489245237716,1.14739558279784,0.933293208316045,1.10761252399679,1.07324253717823,1.06814758209697,1.05818495361622,1.12706326919803,0.959191544762005,0.928510804540543,0.927160183653329,0.91461174050782,0.908490465093806,0.904526669506035,0.983158110795854,1.13893968142125,1.01881385265595,1.07121829639633,1.08340258634176,1.1354984700507,1.048989279513,0.94201953377128,1.06119492572416,1.0464319023177,1.04559811534315,1.08452469017501,1.03903477234982,1.18396309362991,1.04010204503207,1.0719029501359,1.16194606423097,1.08640498281087,1.11795906793231,1.1243292377485,1.1122743112394,1.14403686131116,1.09669674357533,1.07090785366892,1.09001122996624,1.05724136556921
"Arnaud_Matinees",0.722132784643519,0.752468247309803,0.898054160256267,0.75832666799515,0.797347294400738,0.630371175807624,0.786351652834254,0.811655225783901,0.718674787089873,0,0.731958407353112,0.800859087382498,0.662365091431532,0.750747061079824,0.752006454933273,1.12151922694173,0.990353670196967,1.08856418874779,1.02687159312147,0.922860142351786,1.05481859318075,1.08173331783339,1.08782540055666,1.07643820279399,1.12862251673765,1.07938323713209,1.04775328013929,1.05075225330483,1.07544891274399,0.913288509110367,1.03351371970872,0.973707239628904,1.0200450772538,1.13741966378511,1.13445951434869,1.12028553767322,1.03052857673977,1.09438232027015,1.09018654842498,0.969381397937188,0.98357506220439,1.02772475361229,0.973940870169054,1.10989113549792,1.11355493759852,1.09460135704587,1.04731869627232,1.07807295046743,1.02383629554027,0.958121929645667,0.973747458643302,1.05994437354483,0.981223675019114,1.00764559713903,0.942067662710588,0.975456097189243,1.03762550984841,0.979278205765465,1.03895125297192,1.0524832789066,1.10073629695021,0.992219488455261,1.0527903088333,1.03964697055792,1.00945090874686,1.04058349985526,1.00505633203729,1.07465115033315,1.04091037713097,0.992168311524037,1.17272021066394,1.1329541308095,0.971250264583506,1.15852030800612,1.02229477212536,1.061834039703,1.05489438278429,1.07003264841149,0.918295692744073,0.914303589421479,0.92662130430396,0.897854671774556,0.943510744577878,0.859132754439446,0.867418230942344,1.07337781139163,0.994174079104019,1.07670119153064,1.03309583235802,1.12790976997868,1.03411804002069,0.936081900622535,1.05344138412361,1.03621457212403,1.02527744306795,1.13342545374702,1.06741350912849,1.20679275671403,1.09734835259607,1.10550873539855,1.15329019200794,1.13379678631228,1.15761136218437,1.12808421164142,1.11930848341148,1.17366602258224,1.13211445171764,1.08265739951842,1.12205500019637,1.00373123554802
"Arnaud_Nancy",0.764791739048998,0.73487663751547,0.907294837022417,0.843603389259017,0.801323597188803,0.743957737736022,0.775240048641453,0.764882137133189,0.793583751044203,0.731958407353112,0,0.875234712869386,0.768102949318341,0.856562323233563,0.774507617328793,1.0402203398898,1.03805269864113,1.03481055437934,1.00813138763712,0.966326276223079,1.02228812951281,1.05247065376724,1.10497982382722,1.07747575829559,1.14252243816671,1.00838687007788,1.06532601787868,1.0434982552948,1.08360894358054,0.993915131160608,1.0490855806535,1.03927153131445,1.01977544996725,1.10045808195744,1.10848907562109,1.06998703471843,1.05929337043841,1.04678128267818,1.0588994838462,0.973972057806816,0.981153261876437,1.02113870801298,0.977110221317433,1.08279632150277,1.09830430141858,1.0706848249817,1.03990199709478,1.03134098028846,1.00289151060007,1.0179690269143,0.988764679807205,1.11603560980808,1.03579148169644,1.02975377239393,0.914881683019379,0.959000625307892,1.0498835859871,0.948941864914939,1.03215310736721,1.00044979079326,1.06174423392586,0.989127120016875,1.01348055543565,1.11374017722118,1.03854245117218,1.04681198264111,1.07059198201095,1.06195637693485,1.02214639524721,0.978545460426471,1.09520942566178,1.08846556989942,0.916380921378717,1.11889524053829,1.07024187603202,1.08137247401765,1.05080293645842,1.05168145894824,0.903241804854355,0.938070864623109,0.973721412247812,0.962932056746709,0.989454859713311,0.911814796660665,0.959264204809512,1.07835918869433,1.03174043051108,1.06177948974998,1.08016931302463,1.11964831921007,1.06812195270985,0.947205985234781,1.06748651396841,1.08385315563642,1.0810587727539,1.11196673280011,1.07539029498864,1.14318616234104,1.06251414213194,1.05435825845436,1.12587082698686,1.04581483865623,1.10397298768783,1.0874102047884,1.10972544077046,1.09607691473445,1.10491625506525,1.07245597415909,1.10661102994279,1.01149329846713
"Arnaud_Sargines",0.83545176003875,0.863611843589707,0.934500941874531,0.833200829147014,0.919744946059995,0.866989366145023,0.868011070770015,0.868730568815676,0.886369943518534,0.800859087382498,0.875234712869386,0,0.840771777128263,0.855986958234943,0.787977731364427,1.04766257810098,1.07318465839963,1.03703003095776,1.02020520932907,0.911105235642332,0.90493255060567,1.11038670286805,1.09154075396021,1.09060690374587,1.10229351185109,1.00576557965048,1.02201564123229,1.08073285171127,1.05051599066961,1.03933786931511,1.07780055492294,1.09091216826697,1.04079053535672,1.07537197302353,1.05017828622262,1.05663291339528,1.04174058919715,1.09393699040204,1.05928174418177,1.03392496992916,1.0236110027926,1.02770243740196,0.994075867662009,1.04725293276223,1.05491898912141,1.03435680924767,0.941875977769309,0.981507460425963,0.887481192540783,1.03336762333916,0.948768834848909,1.06048585271504,1.04481513962215,0.985450401625085,0.943151463438979,0.931377843379709,0.959049784282965,0.957853450739795,1.02475087542989,0.927032972639631,0.943456063532112,0.957397705619046,0.918665412183406,1.04466923236444,1.04763625307226,1.05886331633709,1.07195801084416,1.04828609425305,1.05702897247951,0.997656967582187,1.08130893619432,1.04350311999642,0.897161650792543,1.09584972205451,1.06909545911418,1.09206750216473,1.10545234440984,0.994816129725547,0.99135396279374,0.967610131408421,1.02059331508305,1.04005782578162,1.02527863566721,0.975601090051612,1.00211164883793,1.02783883562826,1.04505504446027,1.04250549481083,1.05356705539464,1.08076362749794,1.09507290330027,1.02221944334429,1.1081958550031,1.10441102535641,1.06104749588373,1.08007311204137,1.05367896792997,1.07076733738552,1.03894257155771,1.06130418894339,1.11024022469356,1.06201376143323,1.07937815462378,1.09201451163864,1.07480478795866,0.997121673413074,1.07264686520542,1.0511453122988,1.02887865527762,1.05378671362423
"Arnaud_Selicourt",0.696902361349338,0.744837468313336,0.862917766434149,0.691538237127416,0.790748708719232,0.632573022894064,0.813678423603856,0.826213259554393,0.620105685120772,0.662365091431532,0.768102949318341,0.840771777128263,0,0.783947008416095,0.765165524650811,1.07035447415638,1.07042324120195,1.07069633877506,1.01589131153099,0.966307163448508,1.06475653377598,1.07444252769157,1.10168792646622,1.08509036420822,1.13288819392521,1.04973958571251,1.07670432112553,1.09709127296673,1.08444477059765,0.913712556182182,1.01542281417302,0.948559608227437,1.02520384076262,1.13241728960834,1.14163129779529,1.09543030370813,1.0629087090034,1.05149009246846,1.10135667125953,0.986822453024387,1.02196046125722,1.09636710433905,0.999326815487619,1.09290019985652,1.09603867132944,1.07984965121272,0.994150018185826,1.02463412812473,0.989837311330028,0.985383802024904,0.981961618172961,1.10937952696967,1.01724818074661,0.98185634978189,0.893578626184338,0.935034446896308,1.0370845060864,0.930837228056418,1.04036206086902,1.02039840935215,1.11674403417402,0.980383692218536,1.035157320534,1.08840889652605,1.07140274821755,1.09076483941695,1.09531068525939,1.10888447330251,1.05556406709475,1.04954613905106,1.15705849018399,1.15427704585782,0.958765153511822,1.14353379288014,1.07747690726441,1.09244207281706,1.06252640807954,1.16727524812394,0.913585267035349,0.883753603284882,0.880489644108642,0.864286463713742,0.879478318441374,0.904261784767084,0.936531133402276,1.08668464784874,0.98969895739182,1.09806899780403,1.07142576954192,1.15443353728728,1.06968167538802,0.970557778113357,1.09725102049621,1.09006675206677,1.04244624663723,1.11037056297868,1.03742738492671,1.18774589016876,1.06034563418973,1.08580260457421,1.17252566810581,1.11499847691682,1.13291789873805,1.11547202515916,1.10922354374356,1.17334040883277,1.10222976313315,1.06530341134338,1.1069201628512,1.01821314399835
"Arnaud_Sidney",0.770716725618887,0.679450110795101,0.918445688656277,0.774627840253212,0.745509281243581,0.651837447144007,0.754130489449612,0.793360353557883,0.790771958409439,0.750747061079824,0.856562323233563,0.855986958234943,0.783947008416095,0,0.755131153770482,1.08805213377862,1.06826942016095,1.07284304385097,1.04813234979656,0.986539072477801,1.04562242305112,1.10678515915729,1.09182431823456,1.09695442526486,1.14137804829796,1.08669567690891,1.07377100102401,1.10330356711574,1.1534419108568,1.04436795017604,1.14334338743915,1.08730587029649,1.03911007942779,1.12934254921192,1.07912334879996,1.1426563177079,1.01620308131413,1.09840224217097,1.01931663644557,1.03614838753166,0.995439953395029,1.02123820653498,0.965448310256918,1.09545567931412,1.06758061833086,1.07088848346113,0.953792809358377,1.00821148104167,0.898825403438651,1.04474151069294,1.01922711856414,1.11108256122565,1.06807754653728,0.91978535765207,0.850304945201706,0.814525895655665,0.937849162493332,1.03673108455089,1.06631850505147,0.92475390190173,0.930196279001866,0.934129244107761,0.861474086713391,1.11357308131524,1.06691362616887,1.09095664847023,1.11021498442724,1.14063941118484,1.12629405918607,1.07650965383608,1.11375433321,1.14265188333548,0.970177414538095,1.13525375492885,1.06030650380644,1.10660832382683,1.11142481639459,1.05216102518262,0.984837010360335,1.04218810092848,0.984975030127096,1.00343640876005,0.991973926062714,0.97616836358707,1.01018209263319,1.02243903751386,0.989675495551474,1.09818871188195,1.01306211151575,1.11581938437133,1.03352124793017,0.986729553358452,1.05357561441185,1.00533352457004,1.01238059997712,1.00648775215867,1.05364029045609,1.10313078039638,1.06973705748939,1.0444015187068,1.07510778612248,1.05784018647916,1.03707167686335,1.05829658995306,1.08962860295805,1.08908692056934,1.06185096336575,1.06312970401715,1.08702770349966,1.07776023713705
"Arnaud_Zenothemis",0.759512996617449,0.727636250588944,0.967152052701429,0.750141415480102,0.82194703601934,0.718273645884356,0.800070258338334,0.791127210843402,0.761576090211167,0.752006454933273,0.774507617328793,0.787977731364427,0.765165524650811,0.755131153770482,0,1.11634090895702,1.08155290410213,1.05223919651528,1.04716116421623,0.960499170100342,0.992569027767574,1.13326756829259,1.12503601103363,1.13048676030522,1.17501888258428,1.06620276361891,1.0457394007588,1.10172885007656,1.13760947919771,1.00443495342679,1.09519836221805,1.07104747499614,1.04554957361612,1.15421267995263,1.10906923131306,1.10950953953115,1.00017564003678,1.11016775460826,1.02235933695221,1.04365771461819,1.01934360022989,1.086453215783,0.989242298237377,1.09004389696485,1.04788514374704,1.09643849084507,0.99193790529975,1.00159700077467,0.89034542128953,1.0605164864618,0.972758573358884,1.13905396080628,1.05204431240821,0.969449388889497,0.845478116987128,0.854112841557772,0.910120590235178,1.00196550872442,1.0631121965365,0.880671207653996,0.892559825629804,0.943921346119909,0.849977851770179,1.12861278983788,1.08087920057742,1.1321607931842,1.1375595149392,1.10947846409577,1.07297767851239,1.06901411123697,1.14378759976589,1.11972471462952,0.901754562308116,1.1629847854925,1.07307544259971,1.12602538283386,1.13228421621161,1.06202302048734,0.960220940400813,1.00480174222666,1.01381337700959,1.01594471819265,1.02798739112278,0.962606251378852,0.997491630738742,1.0262340591565,0.993220470381829,1.06340973647877,1.03771418878184,1.12580216498382,1.01315423948956,0.945113798475451,1.04695336811804,1.006843740839,0.985449607593501,1.0540299750029,1.07721344766178,1.13878741724098,1.06114822607583,1.04434599841774,1.08107832053142,1.08195703904832,1.03714718170022,1.09883613654718,1.08367344397755,1.05325909909355,1.08212794102092,1.04886899776572,1.05358532676286,1.06862758701084
"Beaumont_Belle",1.05180057091282,1.06174788554967,1.00806765094269,1.07618457884735,1.06774003134289,1.11273982174298,1.04722862590233,1.0685341970728,1.04983524198145,1.12151922694173,1.0402203398898,1.04766257810098,1.07035447415638,1.08805213377862,1.11634090895702,0,0.987589545925735,0.813199509720282,1.04770922364185,1.07511626158528,1.06991751588324,0.894740231311337,0.947667935671509,0.92764926312019,0.930558729054985,0.933149547372281,1.00090476816394,0.947192532174878,0.894360572783286,1.10810985715321,1.02024250681647,1.04228018240505,0.996790783117724,0.924159880946738,1.01273189998042,0.964880976172029,1.06656909538925,0.947730057826138,1.05286600274887,0.993328184003532,1.04638107144646,0.996414427471627,1.040363091667,0.956244137119026,1.01231328096124,0.950356392517072,1.01221349447926,0.966996765020308,1.06716130526393,1.04875271757266,1.00956552115209,0.926266106764573,1.02216759581415,1.08937457095203,1.07685928757011,1.12813807125834,1.09272277682395,1.05220281647237,0.97861077335576,1.05985187595475,1.09039923723668,1.05482756432166,1.08415659701145,1.04000915968852,1.0551561853441,1.02656697189327,1.06801869313376,0.93756045897239,1.01624460227649,1.00367117532206,0.980887555446559,0.95143084713064,1.0745511518173,0.923790555510322,1.04004456103836,0.99013296535835,0.949432085692393,0.934158324717669,1.00495806905089,1.01015019823653,1.04703715990281,1.0419521795244,1.01305768911978,1.03669424624477,1.09302580588275,1.12983725458496,1.14310362821528,0.971323707731503,1.09286602306922,0.99068035861743,1.08658335105547,1.11506215144175,1.03296051294276,1.09423523444446,1.10283011000237,0.992115342776842,0.98026750035934,0.886779928523015,0.910969483387664,0.971713123804492,1.01320952333192,0.923598295445586,0.990686487026152,0.969909435872508,1.01283770714458,0.932509353050292,0.975327995234295,0.985178814274341,0.947265620656421,1.05247149458344
"Beaumont_Clarice",1.07681356106764,1.03704670597362,1.08378000994209,1.08775991224499,1.02021986481373,1.0312220819326,1.06803261746571,1.04415847183923,1.11759925948069,0.990353670196967,1.03805269864113,1.07318465839963,1.07042324120195,1.06826942016095,1.08155290410213,0.987589545925735,0,0.990981637005328,0.946021622557516,0.970327822788467,1.00903083157465,0.8767903257294,0.914112456487225,0.944601026088163,0.912322399726718,1.02053944794539,0.987855812047018,0.93221083833441,0.947137409455619,0.892439548379464,0.991977158454738,0.94321604863653,1.02489607433005,0.959930583420713,1.02887522025501,1.02177127886231,0.988648037047265,0.91953203849667,1.02970043560785,0.983307210962329,1.00153580603198,0.931890622752109,1.03000007472304,1.01100024222332,1.0235505710222,1.0324290425117,1.07545881329103,1.08240810876948,1.12069137084631,0.910988556492686,1.06484965849274,0.845436655254292,0.95220278046792,1.08479270316408,1.13330838622822,1.11661374211269,1.02317626516435,1.08040937486648,0.994259745107529,1.11591670457004,1.02930166128367,1.03952556818681,1.132774923691,0.982527008863429,0.983683774985597,0.95904795376413,0.93267158584664,0.914881219189912,0.80588528759733,0.991736847424651,0.958437774228636,0.959972161679668,1.07111120135349,1.0544962108697,0.918962046524672,0.890963875513326,0.967472992476739,0.852132695389419,0.988510614055885,1.00245535010392,0.975825700161233,0.979214578765078,1.03653138780768,0.932789269517893,0.968073066335307,0.953638071071807,0.943792596487758,1.02239847745933,0.968115509564835,1.01766965819221,0.926212710740045,1.00164454739645,0.885371817170429,0.957365239763531,1.00969082621326,0.984648023502567,1.05721212680627,1.01995678907884,1.07711589669724,1.01650048509026,0.921670549900064,1.04999242963898,1.04037323211016,1.04271709107646,0.984085488992993,1.05901558346041,1.02422040114153,1.06063850832506,1.06764453257661,0.94882763540641
"Beaumont_Prince",1.04068775258996,1.03305669027274,1.04146273984969,1.03765245986172,1.09975402608716,1.09504010730825,1.0391140421136,1.04786941143723,1.07090593250048,1.08856418874779,1.03481055437934,1.03703003095776,1.07069633877506,1.07284304385097,1.05223919651528,0.813199509720282,0.990981637005328,0,1.03419494615113,1.05238497877572,1.05308716344434,0.989155468774301,1.03455244026078,1.0398805032816,1.01381296082918,0.978479425404202,0.997520572704647,0.990218284046718,0.979266952396201,1.05469704525406,0.98075973529045,1.03546313479332,1.01041252244538,0.990957031160817,1.01246986935957,0.933333229236697,1.01418835044094,1.00738602438388,1.03408812979196,1.05389705653136,1.04303382031755,1.03362395633117,1.04331795071548,1.00715172417587,0.990494400737492,0.986331443349068,1.02728243411581,0.973222746294404,1.02118698863107,1.07597692155238,0.993466387895772,1.02955258370516,1.07400931790607,1.08172589507141,1.06070672866628,1.0706737246779,0.999862932649321,1.02522799791692,0.969845710668056,0.988508397329104,1.03425881938277,1.0254891310566,1.01043753186329,1.06520710443381,1.07049015050451,1.03788719329652,1.06851369675935,0.978574839407373,1.00011585697854,1.00995619330618,1.00244552235172,0.964166925871478,1.00217159513193,0.957747411344589,1.05457626037305,1.03673434080252,1.0079985912936,0.957255585913516,1.01687045661586,0.982893194769643,1.0690116836828,1.0875991264957,1.08565117262353,1.03944291998324,1.07649194033818,1.06966835268858,1.11815873389686,0.954474501822586,1.06424991417376,0.976978951504956,1.03817651720831,1.06217407296878,1.01375716750632,1.04376593493088,1.04780261714377,0.998985425075444,0.989025044124021,0.922449127469013,0.923656460706584,0.990174232227111,1.00318029111575,0.93449426610245,0.944473602441156,0.981654638688615,1.00395319961692,0.927063369776095,0.972008360970056,0.969475843341085,0.914905322254405,1.05918081947663
"Cazotte_Diable",0.991413853934095,1.02958877606712,1.05528908358159,0.996263671050666,1.0015520197259,1.00271592946579,1.05995872167828,1.05100138512455,1.0360339093789,1.02687159312147,1.00813138763712,1.02020520932907,1.01589131153099,1.04813234979656,1.04716116421623,1.04770922364185,0.946021622557516,1.03419494615113,0,0.836119872235299,0.756157688184207,0.979401731411664,1.00300375830529,1.02476929025547,0.99894614011159,1.05738410095214,1.0678391045153,1.04669919926847,1.04872316101993,0.982692224180242,1.02107243669602,0.981571656709486,1.04153313297587,0.961494507108103,0.991127880333132,1.03295353388061,1.07565511469392,0.931324686939632,1.05428004947277,1.03335796256408,0.980660652717747,0.939181928736328,0.94069639681284,1.05045347310651,1.0621432208938,1.04548460936957,0.989724633343178,0.973370596186429,0.985347025419214,0.971163577519999,0.939920793783441,0.99950492218656,0.976234839398912,0.973384812659689,0.98173565372834,0.965575186188818,1.0391185034136,1.03115703236788,0.97275853956923,1.00648264373267,1.0156247974613,0.924683499525394,0.967941357048049,0.959164995932598,0.932776446155472,0.913711287717188,0.933742699040311,1.00838580430364,0.961519207835171,0.981205667247965,0.881530053523639,1.02075260815845,0.969795919041372,0.980274741596724,0.992260198808993,1.00054155170238,0.955592349850154,1.07329603649066,1.04633623032205,1.0288474650727,0.991248028340332,1.00653285683558,1.003009363869,0.964304809426872,0.948715634157383,1.0120391256948,0.992517323776138,1.05881771392496,0.966914627515322,0.99691562472923,0.963018412457131,1.00139658871755,0.952839139469303,0.953062177246041,1.03443285162329,1.04918444862072,1.06563901016357,1.06351701572417,1.07579595345472,1.06942164017898,1.09357039338523,1.0827555001368,1.04703569509809,1.04294022554397,1.03448472807235,1.03928085170614,1.05151376177513,1.05969007448071,1.01899363833241,0.917117266733705
