"","Anonym_Enfant","Arnaud_Adelson","Arnaud_Anne","Arnaud_Bal","Arnaud_Batilde","Arnaud_Clary","Arnaud_Epoux","Arnaud_Fanny","Arnaud_Julie","Arnaud_Lucie","Arnaud_Matinees","Arnaud_Nancy","Arnaud_Sargines","Arnaud_Selicourt","Arnaud_Sidney","Arnaud_Zenothemis","Beaumont_Belle","Beaumont_Clarice","Beaumont_Prince","Cazotte_Diable","Cazotte_Honneur","Cazotte_Ollivier","Charriere_Caliste","Charriere_Femmes","Charriere_Lausanne","Charriere_Neuchateloises","Charriere_Noble","Charriere_Observations","Charriere_Ruines","Charriere_Sainte","Crebillon_Atheniennes","Crebillon_Conte","Crebillon_Nuit","Diderot_Ceci","Diderot_Jacques","Diderot_Neveu","Diderot_Oiseau","Diderot_Pensees","Diderot_Religieuse","Diderot_Supplement","Ducray_Cinquante","Ducray_Coelina","Ducray_Soirees","Ducray_Victor","Duvernet_Devotions","Duvernet_Guillaume","Duvernet_Retraite","Florian_Estelle","Florian_Galatee","Florian_Numa","Genlis_Adele","Genlis_Chevaliers","Genlis_Emigres","Genlis_Meres","Loaisel_Ainsi","Loaisel_Comtesse","Loaisel_Dolbreuse","Marmontel_Belisaire","Marmontel_Contes","Marmontel_Dejeunes","Marmontel_Incas","Mercier_An","Mercier_Jezennemours","Mercier_Songes","Mirabeau_Conversion","Mirabeau_Rideau","Nerciat_Aphrodites","Nerciat_Doctorat","Nerciat_Etourdi","Nerciat_Felicia","Nerciat_Monrose","PigaultLebrun_Adele","PigaultLebrun_Enfant","PigaultLebrun_Kinglin","PigaultLebrun_Metusko","Retif_AntiJustine","Retif_Paysan","Retif_Paysanne","Retif_Sara","Retif_Vie","Riccoboni_Ernestine","Riccoboni_Histoire","Riccoboni_LettreJuliette","Riccoboni_LettresAdelaide","Riccoboni_LettresFanni","Riccoboni_MissJenny","Riccoboni_MylordRivers","Rousseau_Emile","Rousseau_Julie","Rousseau_Reine","Rousseau_Reveries","Sade_120","Sade_Aline","Sade_Crimes","Sade_Infortunes","Sade_Justine","Sade_Philosophie","Voltaire_Amabed","Voltaire_Bramin","Voltaire_Candide","Voltaire_Consoles","Voltaire_Eloge","Voltaire_Homme","Voltaire_Ingenu","Voltaire_Jenni","Voltaire_Micromegas","Voltaire_Oreilles","Voltaire_Princesse","Voltaire_Scarmentado","Voltaire_Songe","Voltaire_Taureau"
"Anonym_Enfant",0,1.0744792858914,1.12794677373825,0.98840109288105,1.12989578064029,1.11173068072865,1.13409035236132,1.11763173919627,1.10826236675561,1.14394186307709,1.15488533037849,1.09696330934697,1.06086966345206,1.13914232488958,1.14162893715434,1.16387069129803,0.961256955025159,0.977111731113877,1.00118079103657,0.843868175940219,1.02751622733667,0.93487717918079,0.947914116487462,1.02380282015043,1.07751685049103,0.953250399641781,0.990362719749012,1.06631233472305,1.03980268553981,1.010397907222,1.19386170192401,1.08599568606458,1.08399219444204,1.00563961598833,0.939977852102144,1.06918980884581,0.893212899991345,1.15198836413705,0.847716047878318,1.10026872206719,0.902078216019044,0.988223817984896,0.903202617711835,0.965939565104333,0.997369508138827,1.0944844832692,0.965809020355482,0.977157373519171,0.911435936661311,1.06726683275232,1.01199272749953,0.853209602944046,0.872918615407464,0.941202979042488,1.0578443821031,1.01233085659403,1.02879756306463,1.19175640089319,1.13430748707882,0.880985585788209,1.12569173349594,1.080622508187,0.970857230762949,1.04009168263358,0.838106197372756,0.698401423039426,0.892211971301762,0.902575347361707,0.803906808373762,0.750561905888061,0.821277695803339,0.978490142829576,0.654736938183861,0.882150358078566,1.02189711871063,0.665928663676308,1.02225607974921,1.01441127568864,0.799594890377874,0.983670458766557,1.01294510704618,1.03294054695251,1.10401858692766,1.09759642780072,1.1330590757188,0.979629613177513,1.12439183207177,1.21082816249797,1.19822999118808,1.02712805430069,1.05820332621207,0.7971538203703,0.98527754663448,1.08605852560175,0.854273282100372,0.900872866257899,1.0574975994468,1.03378203984335,1.06234104913194,0.904407072133553,1.0107800371016,1.04667965984719,1.02118517996655,1.01882730122484,1.03903942748322,0.974163330478375,1.04184373949199,0.94211219110618,0.9334419784243,1.04370588212983,0.989635108971861
"Arnaud_Adelson",1.0744792858914,0,0.63209206059027,0.854434609168344,0.68440360129752,0.716972234774534,0.57256296150961,0.648926756530954,0.776785142582799,0.631223716284755,0.624112717680297,0.678460909019225,0.780792682136961,0.623232697585501,0.692683135069858,0.685337653155923,1.04621568678745,1.08395681323553,1.04414203960957,1.00663082052731,0.940143196037172,0.94243038644964,1.1070932972958,1.14647111052307,1.16681633580644,1.1852549866958,1.05116851454356,1.11876895672351,1.09809900933716,1.16879238820124,1.04383732365263,1.1168985021339,1.07360498234189,1.05368584935945,1.12624299124097,1.15723370890574,1.17091798762016,1.0806419777566,1.07261073712856,1.08651750015959,0.9784904350028,0.919271367092265,1.01209154357839,0.857257878007791,1.1664151186858,1.1256540068182,1.1147539006056,0.892069500439782,0.92248715222931,0.890831874970229,1.09115104885015,0.929737161116707,1.14630954780765,1.04527658088594,0.973994902783865,0.755642906074992,0.899005518359725,1.03815838279723,1.04203146819966,1.04150265761029,0.898632926272295,1.05871130634878,0.87982725842687,0.935081416050235,1.03517114220782,1.09041220587991,1.11590176742153,1.07341228710029,1.06790954556295,1.09697173758649,1.11444493107582,1.09944876115842,1.11808508607115,1.16992324006235,0.891816253287065,1.13301298424756,1.08972438092723,1.10510589678719,1.05632835395501,1.18705130343565,0.946575253961937,0.981079384494961,0.913274706685301,0.922409867905414,0.954313706352575,0.898927198833061,0.964815501680375,1.15823433791868,1.01290485861194,1.13700551020645,1.07931301400243,1.14287607275108,1.0615996086646,0.865265914927983,1.02944731351611,1.0018266878282,1.0701887962575,1.11179602902087,1.08482706143858,1.17284049993232,1.09943172018405,1.13547270984541,1.20461600422639,1.10449757158758,1.14317739927623,1.15124133429908,1.1463681106621,1.14060815438286,1.14392027480689,1.14446082058649,1.12939403768667
"Arnaud_Anne",1.12794677373825,0.63209206059027,0,0.94222667667396,0.698544668293025,0.657163878106751,0.585524484329734,0.609095911269176,0.663619451761072,0.638722528729519,0.702894318942263,0.656887490868134,0.807863548404221,0.720188444403983,0.623074682513784,0.700608646429548,1.07153189722185,1.04478734115577,1.00993608769481,1.0712220786568,0.992075749489418,1.01965853783247,1.11216254009753,1.12427235092445,1.13300243663163,1.15458344965569,1.04759733631038,1.11389771908316,1.07141194822742,1.13142759726876,1.03156063145847,1.11937775286667,1.08832448870351,1.04134421408443,1.11531838146408,1.15483060797744,1.16622177330181,1.07099230330956,1.02836621973155,1.02088502862958,0.965470952951628,0.963773762892854,1.02652099565514,0.908969896505625,1.11936664145615,1.08744258531068,1.07365302274634,0.918801729627078,0.969715711724255,0.870591488304552,1.09159705565969,1.03444510507631,1.17106159160767,1.09020548811648,0.998273448855845,0.739575119322435,0.858033718758315,0.982326713990763,1.0377242254749,1.06403831062203,0.908012291309101,1.02508605667481,0.910774487798495,0.887251842383568,1.06345656600061,1.12989307299563,1.16165300099777,1.10990272144652,1.10463392425443,1.19160436308659,1.20083730500601,1.0726593315014,1.14971739827007,1.1733238062685,0.901763682128371,1.1702443283781,1.10637230078207,1.1130595914432,1.14779659408834,1.09380507066362,0.952005239908207,0.969435096822125,0.9545569211086,0.980991400677693,0.96271316183761,0.893735327090713,1.00412406515264,1.07480368397598,1.0057269560667,1.07785176626957,1.10660952368638,1.17783912091749,1.06361778357188,0.918766240569944,1.07416068947754,1.02149745941151,1.02641651961492,1.08829160476573,1.07460806456946,1.17161429544936,1.08071526388925,1.09558767460229,1.14246186863243,1.11111145165776,1.09106348191504,1.14936744555839,1.11211186610321,1.17563059682362,1.15201551548003,1.0991014534,1.11412607693375
"Arnaud_Bal",0.98840109288105,0.854434609168344,0.94222667667396,0,0.868873956674269,0.910120710687696,0.750543025356808,0.831689934273745,0.908301370193499,0.827659990475343,0.855587318670441,0.895001752335547,0.922085137855438,0.822903917713458,0.882253872434499,0.98242548733221,1.00794621286202,1.10548537129955,1.05328143531381,1.07096141464602,0.997334654447434,1.06045179632514,1.09503983995223,1.04957659684996,1.08326796644439,1.08114067063225,1.02450477954475,1.04385205723589,1.069908952242,1.06075991565991,0.980659783470287,0.944490819362737,0.964919282855268,1.00724453435818,1.0037588861469,1.05685485054237,0.975055515606657,1.07728641685331,1.11014390889284,1.05310648086608,0.97904764593504,1.0224424011155,1.04771847137365,1.01467881776295,1.05045410311151,1.10124484827878,1.0373726496618,0.998402299071094,1.00882370766522,1.04857250224604,1.04563258738716,1.02090743562755,1.12386801175195,1.05871890819805,0.994259585366513,0.990579069517892,0.987007923239804,1.07124757766871,0.868922232435061,1.03803780454705,1.03103189176493,1.11040278370798,0.968326317295798,1.02543561574026,0.89555960915343,0.94573854172927,0.975837542221136,0.987714626418495,0.946057726376132,0.919139634141873,1.02882091968805,1.00989666373702,1.08859075175719,1.05716994945463,0.964849024934671,0.976528604487151,1.01562378786293,1.03844644612597,0.976427252666929,1.08707442443368,0.933266725413314,0.897592236707419,0.980351745854202,0.962679913602197,0.895261910471111,1.00157000003615,0.983206330822292,1.07847590601469,1.00779093443054,1.01667600792412,1.07956765413249,1.02450814267872,1.07886444792328,0.967399092948709,1.0864304384946,1.06412334371069,1.02248021376942,1.06691480352059,1.04228815064515,1.08078421157392,1.03999160715972,1.09168020425894,1.10293104386614,1.02429662983533,1.11614546734624,1.06654376120691,1.10921267386307,1.08437068679351,1.13422646465217,1.06996392982605,1.09086032466656
"Arnaud_Batilde",1.12989578064029,0.68440360129752,0.698544668293025,0.868873956674269,0,0.75517508755112,0.628583172774683,0.750952423764317,0.798795683594364,0.612709893740643,0.690237337955812,0.769966372525177,0.793424010737687,0.643870222283405,0.69745466334851,0.683593489893662,1.11205270236749,1.06708892823725,1.04586221489243,0.969018252596113,0.921059948421201,1.01660676411721,1.11578110869882,1.13763939860328,1.13643432880011,1.15258870218747,1.02268396729438,1.06504642285608,1.09435098023421,1.17305979430869,0.929517518697847,1.03809868830427,1.03584810345596,1.05155643394177,1.17204334109117,1.17786370601869,1.12861963345456,1.06813099296299,1.05519055914879,1.07750011776535,1.00360023498931,0.99101196442686,1.10399445353731,0.97446293216038,1.09755683363292,1.08404365122628,1.07067541670703,0.921844151623164,0.950470258666912,0.840697335204387,1.03357916774999,0.956043864148941,1.17145599447012,1.04104598264723,0.971521980490093,0.862947654020094,0.929296669225764,0.932508928553283,0.909937776543358,1.01885634619858,0.914529538619563,1.03462535395464,0.916268613550153,0.936705182378471,1.05389567062278,1.11171768525764,1.16165790025636,1.10940698802267,1.09802530894277,1.1811314935675,1.19978988518314,1.0993247590807,1.18157850505133,1.20895174412729,0.886213947434363,1.16929584984153,1.06776286068454,1.0914138806856,1.11483396531575,1.1264674595146,0.900666135767499,0.940828812249391,0.890800839490131,0.900112948010307,0.898436846635087,0.855773197956417,0.935891294918333,1.09955307810819,0.958025343013358,1.08493194465107,1.10654059209868,1.2233479498078,1.07917678692488,0.952440080710017,1.12961883288222,1.08101305438028,1.04996149152287,1.10411366061643,1.06651244934386,1.20918479119053,1.07934632019963,1.10894655656547,1.17978736047957,1.16020133318581,1.16016392792351,1.16617165883726,1.12676036721522,1.16217827595149,1.09909342290002,1.09936918862586,1.07893874785863
"Arnaud_Clary",1.11173068072865,0.716972234774534,0.657163878106751,0.910120710687696,0.75517508755112,0,0.618736079152108,0.680379257542358,0.670990435649564,0.746394291815941,0.740022342441648,0.755340036572594,0.876821782298345,0.719551412718022,0.669773867348235,0.75682262788348,1.09329774816517,1.01607619274676,1.1131857693722,1.01135431334729,0.985854466652811,1.06251464621714,1.08380031538483,1.12602537171865,1.12130287335515,1.11567393027566,1.06927789932457,1.10759708351795,1.08121258534881,1.17082506328669,1.04084583540824,1.15523459621808,1.05320569680891,0.999480125587761,1.10861174856373,1.15238331683528,1.14970290686051,1.07821940889461,1.05050817014338,1.04840040121894,0.966290515351516,0.994414627020429,1.02332447420829,0.929162129302028,1.12632768829671,1.0980930602578,1.08898807915103,0.964885429877799,0.961387450981959,0.930021699439499,1.02094566266772,0.984967445015562,1.07067056558052,1.01844338361185,0.970002017032589,0.901853969366659,0.857026013856859,0.992832901019746,0.957116625835435,1.02505672786598,0.96353328709858,1.02125556604829,0.896791339433051,0.926710121301682,1.023360126499,1.02705949196196,1.14681752065675,1.05760876405483,1.03976570981808,1.10627897693839,1.12429639771968,1.11613043184199,1.10650363886971,1.20593033407185,0.995711463740155,1.11736058162686,0.9967690939385,1.03077927210995,1.03264654647107,1.06939362664897,0.94433915902948,0.997439894342342,0.918852987866441,0.952110396833294,0.91160988436901,0.892647410235237,0.947885095607795,1.07218387627849,0.92381431136245,1.13610258826101,1.05055433499303,1.18868939943745,1.03704006148047,0.950435140082483,1.01742874380783,1.01950627724991,1.03777524688615,1.07080672729101,1.06570575662005,1.15515858539016,1.08777892905293,1.08871200913974,1.14462802651138,1.12244251476305,1.10473837922665,1.13616136251068,1.11064382470859,1.16556563293341,1.11084430245406,1.08574160719506,1.1379880275322
"Arnaud_Epoux",1.13409035236132,0.57256296150961,0.585524484329734,0.750543025356808,0.628583172774683,0.618736079152108,0,0.679672273140757,0.743827481925072,0.54905263428253,0.533535180268672,0.695384287771073,0.820061692631709,0.584855703025193,0.585214651823169,0.69418806976621,1.13726134962691,1.02290664862313,1.10685450102488,0.999072727877533,0.985664508964142,1.11631576871805,1.05391788901806,1.13484106119104,1.13900978868156,1.116159403233,1.11940581256044,1.11452234366816,1.0939508688283,1.18468833343504,0.907178243448397,1.0482126932064,0.955138466324368,1.05948957868393,1.18476958050798,1.18529484673497,1.20439225816219,1.06083669003048,1.07111471927382,1.06803574515879,0.955405569931063,0.962588015570756,1.0347990917906,0.897899773272151,1.18636633071696,1.1458300528381,1.17854348375385,0.978625434126372,0.987320871625411,0.968920690928575,1.04925704938121,0.974709183938049,1.14320247922632,1.04192852231924,0.948580090285016,0.842750463982349,0.871370692870819,1.02309594006585,0.957707391752948,1.03202904662955,0.975644800707274,1.09548312410751,0.860946148165636,0.935314848343092,1.06258341464582,1.03669122949046,1.13617808502541,1.04122775975555,1.03761803180106,1.08317653197593,1.12982737548514,1.13752397789454,1.15960445146043,1.24120932823433,0.992696367842118,1.15130048199632,1.01297224096489,1.07329018748306,1.03468133489166,1.16976386584304,0.947808367738304,0.947600274322015,0.873181915241386,0.884906842573131,0.832135488147102,0.868977928331394,0.948978174124391,1.11480430662069,0.89240111395138,1.14788964072585,1.00108760564807,1.23639304338268,1.01306912579837,0.901861956129859,1.03091696714404,1.0145310510141,1.0162660930695,1.08695787873783,1.05888332550714,1.23526348653654,1.12981305662588,1.13395437029735,1.19617463781669,1.14960955661458,1.16162939296272,1.18444078434462,1.14293484952835,1.25229639860165,1.15414533043544,1.15722396248902,1.18861592563747
"Arnaud_Fanny",1.11763173919627,0.648926756530954,0.609095911269176,0.831689934273745,0.750952423764317,0.680379257542358,0.679672273140757,0,0.746052498939194,0.731264620837955,0.716864376177101,0.704677073581225,0.796702950643653,0.774653737729255,0.698541070517361,0.732128048829384,1.05053769361534,1.0624244762205,1.04217306044033,1.07872708604368,0.999600642152268,1.02321514096478,1.12135707189283,1.15660927262348,1.14347917487582,1.17758094094298,1.03789730447734,1.09422776555433,1.05771040086864,1.13292425630266,1.14337159100186,1.16170828072866,1.11374220895156,1.0154445977692,1.03840784264117,1.07283827585915,1.14258176112223,1.083734174255,1.13088822323594,0.996195281549256,0.990997729147039,0.958498836709998,0.990484553455983,0.934726228134295,1.07057685780869,1.05000040967091,1.04920331230538,0.944654689149069,0.959029471715001,0.87497593630581,1.12179267424378,1.03223550019341,1.11729065327686,1.08519139204061,1.04692966416044,0.826346301102365,0.908455015433394,0.991273554924414,0.985324728448306,1.02012648202272,0.908817521973783,1.01496678644963,0.956238195888655,0.909025376206869,0.963779214848138,1.12465819574187,1.08668641716769,1.07708372422744,1.11185755451114,1.13162545839037,1.13043523236149,1.06664128082814,1.14930447797058,1.13009244021919,0.916970006101975,1.06455471696287,1.04898170668592,1.05382163052851,1.10588384999786,1.03253731089786,0.998629269102166,1.03789744290215,1.05330218997505,1.03664448094606,0.995242287350215,1.00905216856123,1.04498077134602,1.11657004016831,1.0504815336262,1.08895319989121,1.15785959876292,1.13778623219724,1.09173431124304,0.913643810669908,1.06742419053625,1.03973964725363,1.03695349114781,1.05016692758916,1.04587367448019,1.09777098359639,1.06728423080522,1.09243366295064,1.10537888694069,1.04447426014241,1.07304466378866,1.13423672394659,1.07921087368971,1.05187037699044,1.08680101963109,1.08464003626365,1.07278558224332
"Arnaud_Julie",1.10826236675561,0.776785142582799,0.663619451761072,0.908301370193499,0.798795683594364,0.670990435649564,0.743827481925072,0.746052498939194,0,0.756266117230512,0.765291139090591,0.736372434387049,0.81579235031549,0.825314588231775,0.71089438114727,0.724556334690847,1.09519662945711,1.03918418560018,1.03975863517516,1.04682004094448,0.998747725859307,1.05435031940341,1.13939347430408,1.12941864651593,1.12144923479577,1.18849953515691,1.03678343192824,1.05622851109026,1.10057444832724,1.1656947816866,1.02641623470748,1.08019092266069,1.08268816737366,1.05405503635695,1.15809715272496,1.09159706713718,1.13462790814003,1.03673812862934,1.09959982629915,1.0151932347981,1.00279803868118,1.03227122267623,1.0732547197394,0.993224959536065,1.08364114970635,1.07754784763723,1.0105846816273,1.02902582334092,1.07690104333257,0.989658788056362,0.997679295198794,1.02217990364035,1.12330621585862,1.02500878103606,0.951583203191332,0.837192197382683,0.793019087384436,0.948496037919696,0.921188597501851,1.08361429532162,0.967695246052023,0.940511112799996,0.936774164687645,0.908177617527953,1.04475809650511,1.08569224755775,1.10879855242675,1.08652328092719,1.02152094109312,1.10118986824416,1.1009089091814,1.01468559724191,1.15299541413766,1.13194258504684,0.925244445204394,1.1926689742647,1.03557303722133,1.06283378474944,1.10021468763406,1.01915037451709,0.92877406932815,0.941111958815045,0.940056871114471,0.984716295114113,1.02801211953326,0.950461308404597,0.955381662310022,0.972199355772414,0.963455137754518,1.05082094269026,1.02675805376537,1.11371368901837,1.05286645504534,0.951482906664662,1.03368771282296,1.01095624211749,1.00571549451921,1.07839161879908,1.07851416067652,1.14861298374178,1.06964885204511,1.0700117271873,1.10732496040969,1.08655494812112,1.07763519344718,1.12800411071582,1.097241868833,1.11081557740251,1.13889618414619,1.04419327894565,1.08612713021531
"Arnaud_Lucie",1.14394186307709,0.631223716284755,0.638722528729519,0.827659990475343,0.612709893740643,0.746394291815941,0.54905263428253,0.731264620837955,0.756266117230512,0,0.650759058975602,0.733378874091607,0.858178209087775,0.566458983400362,0.703887564851028,0.711162047233755,1.08100432994802,1.13951130698616,1.09187520684985,1.03999650096168,0.992344618354845,1.09437668517559,1.11473229543535,1.14582079701175,1.13309683388392,1.13121985606111,1.04297062634089,1.09800964962787,1.10109066313096,1.15776700095536,0.977709336034415,1.06354158793389,1.0254025317079,1.03103983117894,1.15596119961654,1.18252694574254,1.16354454161786,1.09180496385253,1.04826609920536,1.10536531764605,0.969956382236894,0.976783744873757,1.07407484440393,0.921898750899343,1.10907237687993,1.1197334658962,1.07387253717578,0.941605838310196,0.948800547857518,0.892325739138125,1.07038415496847,0.95958872894808,1.17292150972104,1.04191851517589,0.977617279930759,0.789890877972543,0.905992300882652,1.05753621440527,0.953001664758191,1.04120546885382,0.931855627238637,1.083996808875,0.894714185979188,0.984352567261904,1.05770635568888,1.07221811476644,1.12096392200757,1.0980368880581,1.08486122629001,1.14255973146178,1.17529382071513,1.09267915876215,1.18382525085418,1.17949829577512,0.92630306199685,1.13136445908417,1.08252530334897,1.06934530827238,1.08742392925685,1.14574539981723,0.932390096742562,0.912417983879023,0.899273684820945,0.867202879341593,0.888987186092507,0.871133459017281,0.953978056842872,1.1504207721267,1.00121875838446,1.1029679413843,1.10265687286829,1.18157507900336,1.04590651275378,0.905176455370748,1.08468730243619,1.05211776629327,1.04826324390653,1.10789980745636,1.05011613676426,1.20939675412078,1.05314743383849,1.09086827983153,1.20074953142051,1.1119216584503,1.16417761869771,1.14497031648616,1.13823409754213,1.18934151156996,1.12102017587528,1.07866841257319,1.12805464486296
"Arnaud_Matinees",1.15488533037849,0.624112717680297,0.702894318942263,0.855587318670441,0.690237337955812,0.740022342441648,0.533535180268672,0.716864376177101,0.765291139090591,0.650759058975602,0,0.657328723263144,0.74938457350964,0.586800983521767,0.68166062387781,0.667357316932103,1.15389433722272,0.980200821066795,1.09847159968731,1.04569588919698,0.892531265099461,1.06611638790207,1.09548307965419,1.11905641534284,1.09297532043349,1.14633712711953,1.09387628896642,1.04822414018989,1.06248750452051,1.09052102543531,0.86118148608185,1.02688038649205,0.966033277143723,1.0043344819337,1.16110995677673,1.17751674918212,1.16217845835201,1.04370495277811,1.13270009106251,1.11002605134434,0.946967859524966,0.974634774582384,1.04262552576792,0.946917960121479,1.1382442471495,1.13482941333075,1.11018017136968,1.03925770735312,1.08947168620376,1.0303059996887,0.93855193651289,0.947877596057025,1.09388536369123,0.973005432979929,0.996409785815359,0.91492842652398,0.956635956969922,1.05915816286085,0.956355931078019,1.01989888379271,1.05910241482626,1.11489862878588,0.967745047759805,1.04164659729493,1.1473776554938,1.06788540360482,1.05548587058821,1.00442819139869,0.996316298955629,1.03660255530917,0.988060869574414,1.00060924005349,1.21558561350163,1.15798206779773,0.959387219667975,1.19545838141458,1.02724173594379,1.08478884037659,1.06384885887105,1.07907927794327,0.883844250100237,0.887440951516027,0.889539195754436,0.862924200208909,0.903070508483685,0.803630243663079,0.823198605312587,1.08027500175277,0.974538267592796,1.09019804430298,1.03620958317585,1.17304258137802,1.04280872730388,0.899494952832487,1.07094032695724,1.0439411185317,1.02314573672184,1.15827594778936,1.07529080875187,1.26206836095014,1.12361966273486,1.15045845072859,1.19340577437736,1.18645551374029,1.20763729755339,1.17617945355565,1.14386399995734,1.22318157336115,1.19332587970429,1.09644103885556,1.15972497404479
"Arnaud_Nancy",1.09696330934697,0.678460909019225,0.656887490868134,0.895001752335547,0.769966372525177,0.755340036572594,0.695384287771073,0.704677073581225,0.736372434387049,0.733378874091607,0.657328723263144,0,0.825760791540184,0.723999903477255,0.820800717007486,0.743172251551532,1.05243430147677,1.03084453264236,1.02930943205194,1.02516557853165,0.96543260811593,1.03386168817827,1.07861678880701,1.13103659250618,1.1133623723115,1.16684927105649,1.00611462994624,1.08604739904842,1.03844617298532,1.07977685838007,0.98141371749929,1.05357537786196,1.03214445087617,0.992256206621921,1.09480645799546,1.16405704613175,1.07951660138307,1.07818884668655,1.06562157889833,1.08119056369175,0.959613805124455,0.980037973288911,1.0270311629889,0.970229189160079,1.10219771821688,1.11055008699122,1.06456816143155,1.00656114047527,1.01897919015038,0.983518314055429,1.02957299680742,0.978665611695396,1.13976132866282,1.04972504380501,1.01774129334539,0.889051160689921,0.928112270015972,1.0452769928197,0.914342973005334,1.00290192717765,1.00329298652996,1.07813854161529,0.958069030429814,1.00142956615447,1.08589349619583,1.05797016316247,1.15549830209426,1.08845161923274,1.02132222948058,1.0636493358939,1.08704207911084,0.985619530682243,1.11772730944527,1.11135666946805,0.890289597004742,1.13625162268757,1.08264405127068,1.08993535438316,1.05154339388764,1.05597946661564,0.891217851938369,0.886815379202964,0.940634968413392,0.922138111288361,0.982362536448203,0.856577918929371,0.942324988138119,1.09539451211182,1.05637886463011,1.06436380332556,1.0961751508548,1.17295621154425,1.09680517558974,0.92152988264798,1.09398108845554,1.10865849974742,1.10993022231571,1.12375054113352,1.08690369612931,1.17671590872103,1.06536957918253,1.07533390922025,1.16617114440186,1.06434690839416,1.1232695043756,1.13444892858286,1.12971529749005,1.11087161304693,1.13224920234692,1.08066416644998,1.12083232803899
"Arnaud_Sargines",1.06086966345206,0.780792682136961,0.807863548404221,0.922085137855438,0.793424010737687,0.876821782298345,0.820061692631709,0.796702950643653,0.81579235031549,0.858178209087775,0.74938457350964,0.825760791540184,0,0.814510204581385,0.803867879104273,0.741640891646498,1.07587684444909,1.07764469179271,1.03214649867605,1.04858269413967,0.90608861637908,0.904549952998394,1.1409399669272,1.10050398649341,1.12246391287767,1.13635761733133,0.991536129989257,1.03313107037666,1.05276941043619,1.04974559058985,1.04323587464248,1.11121487272614,1.11955265682864,1.02686644907141,1.06161859313927,1.0837382381698,1.0747079802222,1.01684959947523,1.12052633666825,1.0564095258479,1.03607236235837,1.02393273771576,1.01835620042252,0.975170426834838,1.05693053118902,1.05312760763364,1.04899808428263,0.90518508894831,0.982998452332221,0.866406862238478,1.03921769631634,0.960261094740003,1.11465730676008,1.05393656038799,1.00735406928675,0.916324577923182,0.941853796168749,0.936731662904925,0.920567240619515,1.00080184285205,0.895031383632576,0.938908963666552,0.946504649024676,0.895937424827677,1.01682716804464,1.06424932366609,1.04953685802656,1.04324749369474,1.0533699251964,1.06085381314976,1.07013402309705,0.977534862538681,1.0752199953697,1.04918520457006,0.846419866877367,1.1103726270525,1.09012692873555,1.11379413027566,1.13291540075868,0.985752592327239,0.983804663982674,0.962920765152866,1.01093811129738,1.03131010142799,1.04475546371049,0.965823056889738,0.983038845833907,1.0399582466136,1.0493100895723,1.05078613918656,1.10733024235303,1.1049459230337,1.12839772035928,1.02169293924076,1.15751406907209,1.13317154211897,1.0555613500914,1.09099512810762,1.07901369877786,1.08169022308845,1.04675116286023,1.10265500205668,1.11923061588568,1.06616919193014,1.0854325635137,1.12774593986355,1.11319515518785,0.999798432649865,1.0909897131831,1.05477641003746,1.04223583142371
"Arnaud_Selicourt",1.13914232488958,0.623232697585501,0.720188444403983,0.822903917713458,0.643870222283405,0.719551412718022,0.584855703025193,0.774653737729255,0.825314588231775,0.566458983400362,0.586800983521767,0.723999903477255,0.814510204581385,0,0.734051158467772,0.715436277473928,1.08702862602438,1.06256111374061,1.08042667875568,1.00830670249047,0.95168106705663,1.06099360561601,1.07626499007361,1.12158507543605,1.08752828041237,1.12604846905834,1.0562700089615,1.10824151530878,1.10412384049036,1.10517316228282,0.885605424472192,1.00907376325773,0.933345416531955,1.02504179228072,1.14877339495504,1.19302657608295,1.13135978960402,1.0735737271936,1.04896018324184,1.12374461437008,0.96835066009617,1.0123273776185,1.11683315220683,0.992134524397363,1.11525467244041,1.10472319647548,1.10902273179247,0.967419169186797,0.995607690968276,0.988723522302526,0.956042368583056,0.961765836466557,1.12265863000166,0.992050104306853,0.953123035207584,0.884601091006345,0.909023608917926,1.07988062930314,0.905768537608445,1.02645406858779,1.03557104552057,1.12397164935828,0.946446490528522,1.03771615663751,1.08575020052811,1.10379749195627,1.09768770585088,1.10189964059471,1.01727568469481,1.10042991480454,1.10112833693816,1.07035530136383,1.19369380696272,1.19078954027526,0.957555436114883,1.17771315492876,1.07879734802159,1.09743744209505,1.05873398251661,1.18352398558744,0.868072854842944,0.842997705167486,0.842559095196891,0.797516155684531,0.827734337625508,0.834383329239605,0.873829970412289,1.11665576181092,0.967164947994846,1.11438191076636,1.09175118989899,1.21982981821366,1.07958256399552,0.944496424489947,1.11821118630165,1.10747013366087,1.05869966557787,1.13106828764279,1.04948520200211,1.22190239849135,1.07761299399352,1.12856508330959,1.20658714138171,1.15373786986637,1.17008556419922,1.14692209626446,1.13833617561539,1.20540899685001,1.15321116960015,1.07876318654859,1.14314602351501
"Arnaud_Sidney",1.14162893715434,0.692683135069858,0.623074682513784,0.882253872434499,0.69745466334851,0.669773867348235,0.585214651823169,0.698541070517361,0.71089438114727,0.703887564851028,0.68166062387781,0.820800717007486,0.803867879104273,0.734051158467772,0,0.659975358305107,1.1235064797496,1.07485373608259,1.09713844915071,1.0626777284086,0.980300391625401,1.06876921115317,1.12487578053472,1.14646283330958,1.11950263587113,1.17869393282517,1.0851402311768,1.07542076482581,1.14310569477836,1.19542190441293,1.06169742247877,1.16860296370333,1.12571722133327,1.05147819913461,1.1622870748374,1.11777132718535,1.19645278319364,1.03054375062079,1.15678389065298,1.03167460913354,1.03822321402172,0.999405873241892,1.03696539235742,0.956189704400739,1.11974587035977,1.08516507151979,1.08984413940963,0.931176091136832,0.962928898920344,0.882979997430302,1.04132854819629,0.99452605584655,1.12907278291493,1.06826157801459,0.876259981914379,0.828317544737034,0.764022057937905,0.925941438222839,1.00037303547125,1.06312923420585,0.899406972724873,0.88123466539167,0.905730243134045,0.794819553191887,1.06013863092993,1.09948469023378,1.13683313468244,1.10172492562207,1.09928253261823,1.12796558166453,1.16784007951455,1.09838691223654,1.14018907592797,1.15906681454787,0.927752984747398,1.1818973165719,1.07548880145389,1.12927599791813,1.13454544407231,1.03738358088918,0.971810577476161,1.02178733148627,0.965860302555921,0.967955440660476,0.955652830549787,0.949305102919929,0.994607254217518,1.03664736833006,0.975463777670514,1.11400655642508,1.0223176451643,1.1791220995649,1.04545033339426,0.987847866598003,1.08552209318632,1.02998417969572,1.01391614480897,1.0317263617054,1.06300195907272,1.12920147702301,1.09316991252991,1.04198041356714,1.05769852129514,1.07252809438187,1.04843044988484,1.08970899928373,1.10788738493387,1.12336750613492,1.08333796197212,1.07548690341869,1.11698703487249
"Arnaud_Zenothemis",1.16387069129803,0.685337653155923,0.700608646429548,0.98242548733221,0.683593489893662,0.75682262788348,0.69418806976621,0.732128048829384,0.724556334690847,0.711162047233755,0.667357316932103,0.743172251551532,0.741640891646498,0.715436277473928,0.659975358305107,0,1.13458347652016,1.0688976294515,1.03579739985608,1.07300560666123,0.918309305588188,0.997682411975176,1.17548750867401,1.16780467504912,1.17441210341234,1.22147430756987,1.07678381005707,1.06397895140206,1.12387317373405,1.18216047396609,0.991571421600806,1.12170017214261,1.09642709490138,1.0402172667964,1.18007080652004,1.15466507815381,1.13878142000714,0.994079450655846,1.14193501941369,1.02216693030599,1.04117107332441,1.01587800781998,1.10788155419775,0.963462168956116,1.10288419879203,1.06666534729986,1.10176620421081,0.944925438911732,1.00557675527285,0.840216922248754,1.07094953611975,0.955238583301245,1.20082796881049,1.06205220160695,0.943004187313978,0.805406013829649,0.807817402774029,0.89806231496598,0.97478571359126,1.0685962549048,0.815300412969731,0.866086725734998,0.914759286858074,0.80605300929783,1.09809999928538,1.11548443377469,1.16731687114054,1.11057019721968,1.07807323034931,1.17354389424798,1.16842243399498,1.06314217505353,1.16858877162584,1.13663169875238,0.824422970144538,1.19458688819948,1.08908162110984,1.14710845298642,1.15647904256403,1.06668656498586,0.960020064977529,0.98457934676021,1.00835754482472,0.996033729330363,1.02392609887564,0.916998956173018,0.952461332801113,0.999917898432646,0.975158709210134,1.04681256316429,1.04638452097888,1.17750125113298,1.03152249122093,0.916298564178243,1.04891186708809,0.998725977590337,0.991561219921484,1.07072310659581,1.10070847750916,1.17691999198513,1.06917565847388,1.05761470512821,1.11303846246338,1.11281340020961,1.06699377905497,1.1226362951601,1.07140408472428,1.0555276319106,1.12944720278424,1.05318770905036,1.09069394968381
"Beaumont_Belle",0.961256955025159,1.04621568678745,1.07153189722185,1.00794621286202,1.11205270236749,1.09329774816517,1.13726134962691,1.05053769361534,1.09519662945711,1.08100432994802,1.15389433722272,1.05243430147677,1.07587684444909,1.08702862602438,1.1235064797496,1.13458347652016,0,0.961831703744051,0.783324345527175,1.04264862238111,1.08207352378441,1.05872545100961,0.87541015583733,0.928313859460805,0.920333160470605,0.919352284366604,0.941416986201902,1.00037478054012,0.924829249253232,0.87143857907728,1.13340657683926,1.01301722967644,1.04319643731093,0.991124058082947,0.906836908129059,1.01767022861688,0.938170427029588,1.09143025248681,0.921490880195509,1.05029641529295,0.988649126887041,1.03594763729944,0.968404776419319,1.02691198973683,0.964776774164832,1.01366092141964,0.9484945284489,1.00490817136923,0.943858698888323,1.07140332883872,1.05701858713159,0.991300262713787,0.889263201868711,1.01957771967064,1.09882069854541,1.07864719469502,1.15019787792546,1.10335759473849,1.04387307084453,0.948001791017621,1.07590486287364,1.08781992987497,1.06484269317319,1.09521662868796,1.02613209505383,1.03778026734943,1.03818191216032,1.07841111148911,1.07833897332178,1.02924114393094,1.07581748894964,1.00881120252484,0.955189755671956,0.951870829358624,1.08532608461304,0.903865372127895,1.04423628130469,0.973906148211338,0.942339543966429,0.904491662117504,0.975431783606838,1.01624846821425,1.06529583675064,1.04245898612286,1.03235911637749,1.04076522234813,1.10215094951784,1.14564939975948,1.17662255716906,0.978899408399268,1.11023266310888,0.963707373533229,1.09139989639045,1.10844873816974,1.03840203676802,1.09936295638659,1.11558820964,0.980072737126263,0.98734243141104,0.85421273274093,0.896772894989089,0.966048292297544,1.01396434019928,0.895726031357748,0.996879830142751,0.964853402411236,1.01501790392407,0.915283721243217,0.97303500431381,0.99535835208174,0.951505206808411
"Beaumont_Clarice",0.977111731113877,1.08395681323553,1.04478734115577,1.10548537129955,1.06708892823725,1.01607619274676,1.02290664862313,1.0624244762205,1.03918418560018,1.13951130698616,0.980200821066795,1.03084453264236,1.07764469179271,1.06256111374061,1.07485373608259,1.0688976294515,0.961831703744051,0,0.961552591619128,0.920041652222023,0.974868544070886,0.996432710358752,0.874093747152524,0.884519248312249,0.949737491710227,0.88530765934034,1.01038645993954,0.967173424205975,0.909590685465772,0.941940088811488,0.877154496535514,0.984811476047334,0.938443878899605,1.01049528328043,0.987031564339152,1.02995856388377,1.00864309552648,0.982350259001079,0.932968766588727,1.03799232156463,0.991563408518166,1.00519183151782,0.927517522711721,1.01544704053589,1.01541660959901,1.01413933859107,1.03882784499506,1.0766375416351,1.0732927273763,1.1380396416605,0.897171759688152,1.05341761388368,0.794911920506793,0.93351528952635,1.10492672577825,1.15738092375817,1.14795997140353,0.99670987594713,1.10542109908619,1.00778308055566,1.1466732957232,1.04915231318979,1.06170386235061,1.1554533139415,1.10824055026759,1.03861912337457,0.981548902060926,0.993890132037026,0.927685480308777,0.947301537135108,0.897242290381739,0.986819923845615,0.976489998419473,0.957120851619026,1.08039364309427,1.07815960305668,0.892578054331539,0.874022993808564,0.968310995528206,0.856488431319787,1.00247479572187,1.00652957612933,0.943426096643542,1.00242568177709,1.03046096409549,0.925710983425851,0.980646579991598,0.944046593932586,0.925283274935548,0.998974503541843,0.945162588353763,1.02920520433769,0.885500795801202,0.981836489432162,0.874879284701313,0.951737181234924,1.02701218552989,0.987195823812874,1.05416046582409,1.00259532437193,1.07852535072784,1.01236067813049,0.892773374685951,1.06239184858398,1.03753677210912,1.05600062905657,0.979646797959986,1.06205615621189,1.00745027383887,1.06036233249092,1.07187696748799
"Beaumont_Prince",1.00118079103657,1.04414203960957,1.00993608769481,1.05328143531381,1.04586221489243,1.1131857693722,1.10685450102488,1.04217306044033,1.03975863517516,1.09187520684985,1.09847159968731,1.02930943205194,1.03214649867605,1.08042667875568,1.09713844915071,1.03579739985608,0.783324345527175,0.961552591619128,0,1.04204160583911,1.03975960359133,1.02788026517315,1.02386127053344,1.04324783509405,1.05806069607278,1.03669539936759,0.967466403018723,0.989943557604923,0.983636661046452,0.963378299769542,1.06891485276887,0.958872127846633,1.04761633628291,1.00137522755712,0.994463343748217,1.00969589424069,0.898153424297566,1.01927229672903,0.990770617819691,1.03803894095742,1.07753866689317,1.04758538279442,1.04300305951131,1.04036982668977,1.02361298377601,1.02172251635611,0.993197489579763,1.02039449098482,0.963653885052793,1.00927506513082,1.09667576152555,0.975056948411964,1.03093845429897,1.10157583163354,1.09765298597175,1.04012722794805,1.05384218414293,0.983621819706897,1.02537053685041,0.972070236356464,0.953133806750066,1.03088269085631,1.01217640365988,0.979368136412464,1.07554765107232,1.03796247071683,1.07623213590499,1.08931169644868,1.06581499358523,1.02212378831615,1.07338283447788,1.01566818905571,1.01560914185966,0.947258030221194,0.992201028027169,0.948830041807963,1.08008098301002,1.05654033419891,1.00621102271587,0.948355380747042,1.00829991470134,0.950252460884154,1.07139600414889,1.08859192571044,1.11128782972004,1.02843101613355,1.09100179954733,1.07965790975306,1.1410263354775,0.927529296810581,1.07584792861443,0.964990917302698,1.05453862522327,1.07061197581356,1.01220397538246,1.02459146372986,1.06693040840183,0.998690865561804,0.993369543339996,0.909564105809614,0.922366296734835,0.976318334203649,1.01738240417445,0.928096558022913,0.90823294598621,0.98405437006308,0.996835706448205,0.909077050129966,0.976673532259166,0.986107999202994,0.928745887076376
