"","Arnaud_Adelson","Arnaud_Anne","Arnaud_Bal","Arnaud_Batilde","Arnaud_Clary","Arnaud_Epoux","Arnaud_Fanny","Arnaud_Julie","Arnaud_Lucie","Arnaud_Matinees","Arnaud_Nancy","Arnaud_Sargines","Arnaud_Selicourt","Arnaud_Sidney","Arnaud_Zenothemis","Beaumont_Belle","Beaumont_Clarice","Beaumont_Prince","Cazotte_Diable","Cazotte_Honneur","Cazotte_Ollivier","Charriere_Caliste","Charriere_Femmes","Charriere_Lausanne","Charriere_Neuchateloises","Charriere_Noble","Charriere_Observations","Charriere_Ruines","Charriere_Sainte","Crebillon_Atheniennes","Crebillon_Conte","Crebillon_Nuit","Diderot_Ceci","Diderot_Jacques","Diderot_Neveu","Diderot_Oiseau","Diderot_Pensees","Diderot_Religieuse","Diderot_Supplement","Ducray_Cinquante","Ducray_Coelina","Ducray_Soirees","Ducray_Victor","Duvernet_Devotions","Duvernet_Guillaume","Duvernet_Retraite","Florian_Estelle","Florian_Galatee","Florian_Numa","Genlis_Adele","Genlis_Chevaliers","Genlis_Emigres","Genlis_Meres","Loaisel_Ainsi","Loaisel_Comtesse","Loaisel_Dolbreuse","Marmontel_Belisaire","Marmontel_Contes","Marmontel_Dejeunes","Marmontel_Incas","Mercier_An","Mercier_Jezennemours","Mercier_Songes","Nerciat_Aphrodites","Nerciat_Doctorat","Nerciat_Etourdi","Nerciat_Felicia","Nerciat_Monrose","PigaultLebrun_Adele","PigaultLebrun_Enfant","PigaultLebrun_Kinglin","PigaultLebrun_Metusko","Retif_AntiJustine","Retif_Paysan","Retif_Paysanne","Retif_Sara","Retif_Vie","Riccoboni_Ernestine","Riccoboni_Histoire","Riccoboni_LettreJuliette","Riccoboni_LettresAdelaide","Riccoboni_LettresFanni","Riccoboni_MissJenny","Riccoboni_MylordRivers","Rousseau_Emile","Rousseau_Julie","Rousseau_Reine","Rousseau_Reveries","Sade_120","Sade_Aline","Sade_Crimes","Sade_Infortunes","Sade_Justine","Sade_Philosophie","Voltaire_Amabed","Voltaire_Bramin","Voltaire_Candide","Voltaire_Consoles","Voltaire_Eloge","Voltaire_Homme","Voltaire_Ingenu","Voltaire_Jenni","Voltaire_Micromegas","Voltaire_Oreilles","Voltaire_Princesse","Voltaire_Scarmentado","Voltaire_Songe","Voltaire_Taureau"
"Arnaud_Adelson",0,0.737700502990608,0.904392978687403,0.762870993171167,0.803931803229366,0.646338423552088,0.747605219907202,0.817732725452038,0.734608389931162,0.721343042584555,0.766786618945399,0.830944772242936,0.701312679640168,0.774085736125763,0.755407820000941,1.05365390517225,1.07936236247377,1.03873241029774,0.995173951356626,0.973043129251882,0.944665019870622,1.09703630344228,1.13688259115266,1.1354009643533,1.16741153977952,1.06206580468627,1.09718151967436,1.07735002777165,1.13139701357496,1.03290975671019,1.09472445514258,1.06653500251611,1.05709944225654,1.11145848962756,1.11681997934911,1.11015133820086,1.0565551324406,1.05378866583781,1.0814840084319,1.00369960364147,0.926039191364163,1.01063221666123,0.873239276883935,1.13115529928923,1.08140377181539,1.0926419471615,0.938015747862164,0.963657487404663,0.913817446543227,1.07263138992629,0.940777564669586,1.11394106778322,1.05026501451119,0.996445185907707,0.807627883601,0.927119732794151,1.02335165002443,1.03107420655641,1.04278323418616,0.91114703335245,1.03806629581511,0.908898235829376,0.942192044020593,1.0902431913622,1.05460140825636,1.05433700390224,1.06923647221644,1.08319850786318,1.07000827278837,1.103080040597,1.13937105804309,0.919851331302225,1.11639601054203,1.06771470894139,1.08618830132243,1.05881028275767,1.15927701692397,0.981701028598509,0.995390168093363,0.958882459592626,0.976653964405768,0.97597155137382,0.955168298690464,0.99891930771966,1.12824874265709,1.02370424571906,1.11733300020707,1.04734479137109,1.10015441658884,1.04151130813666,0.909790489118651,1.03269994538723,1.00368056185631,1.05764407026941,1.08169321951689,1.06493108310185,1.12662333215916,1.08000880370175,1.09904309261893,1.14004760938063,1.07487346289429,1.10364571541153,1.11217689604959,1.11326077815881,1.12278829645132,1.1052397836534,1.10840564145793,1.10327124823429
"Arnaud_Anne",0.737700502990608,0,0.941219758543398,0.759007440224557,0.750168995318927,0.641547318323257,0.673432492734261,0.737034474627844,0.705555571351262,0.751539967686026,0.738598953383373,0.861950115612793,0.748551473537803,0.684897936947122,0.73171880502664,1.06314601879634,1.03895479511255,1.03437710161474,1.0327431204472,0.981310060627683,1.02755896654645,1.11004274833788,1.10026665014073,1.10561166822375,1.14586473189997,1.04897334732366,1.08926047353886,1.08734008953104,1.13461095882359,1.03576529393375,1.10862254141844,1.06568640740199,1.0310306221331,1.10801295711403,1.11311194543529,1.12453999652103,1.04524643555559,1.03003212951058,1.02416352804267,0.986357272248637,0.972110079229104,1.02950966716582,0.937357998863918,1.10892349731811,1.09105201506197,1.06533815988363,0.970577204584081,0.987432904296279,0.908294055795874,1.07057271526803,1.02672521490712,1.11890648647762,1.08063295640477,1.03166716507446,0.804749439369891,0.917923605991048,0.990530184094553,1.04347845005035,1.06308121369648,0.936574261217749,1.03016897247067,0.928190587865573,0.930938665745026,1.13437556268149,1.09038431228549,1.10342250442442,1.14342974245623,1.16241530951155,1.04607658096884,1.13304074412459,1.14697977336912,0.938838851013,1.13200417286439,1.09260306503836,1.08811610540111,1.1198846901296,1.07479284408275,0.97826407240217,0.990192479891963,0.977847279225068,1.01421676053981,0.986818932484783,0.946799435452707,1.02248965035481,1.07986948783602,1.00934002614396,1.06908343654485,1.10129339899995,1.13007370864166,1.0483400930149,0.966885325408305,1.03924844317103,1.0027162205104,1.01360634253393,1.09019622293879,1.06526032425536,1.14287622429645,1.06439270919145,1.06507004735113,1.12126288140271,1.0947151250558,1.08245373126221,1.11534974766709,1.11222323543606,1.14023360844787,1.09071836363722,1.07965897044277,1.08590566015113
"Arnaud_Bal",0.904392978687403,0.941219758543398,0,0.899280652036572,0.947882449407941,0.79758452072019,0.887827724777265,0.922314015058894,0.859171057607082,0.900582959382686,0.9082395350748,0.937544826390297,0.865416047335755,0.920816240583035,0.973526765576902,1.00599715404411,1.08218088728935,1.04006929688822,1.05446520489969,1.00382648203237,1.05701152573588,1.06688701842299,1.03951912104443,1.07070684667945,1.05579168431191,1.02588311339723,1.00996784013884,1.0522530566251,1.05269166023849,0.973709568449732,0.94107988650186,0.954317504807191,1.01711017503914,1.0009184061207,1.03978346338564,0.989776993667891,1.07271751471156,1.09168346888535,1.04071616979002,0.979537678392892,1.027687117608,1.03514795525992,1.03500718039745,1.02960661730865,1.05352546192934,1.02970819630582,0.99943735570819,1.02494763392974,1.03988414260261,1.03327931009267,1.01344185593321,1.0943379140887,1.04648409253907,0.997266128784184,0.986721205860364,0.973443774468109,1.0695229015255,0.870339240686242,1.03888431487705,1.03201978336427,1.11503528583035,0.98405788731374,1.02709127135738,0.983590808494373,0.988794632426955,0.950272428516498,0.932363477634834,1.00588743501598,1.01822015673209,1.03853605189725,1.04129040427034,0.990680084694138,0.98400140919351,1.00680437597651,1.01963065475046,0.970333118898014,1.09288829329015,0.967647728319061,0.915039417914664,0.9747794496671,0.989013359420987,0.905372811284557,1.00894787130558,0.996562054327527,1.07324920593676,1.00062140441975,1.01988930068712,1.07850369410019,1.02145823833793,1.06813301803497,0.965778790634153,1.07205847415268,1.05407192549193,1.02557371359008,1.04824795232154,1.03835841530692,1.06442854554342,1.03374172203974,1.0729702457817,1.07821533752598,1.02243039329745,1.09470991903043,1.05702315728265,1.08470222370647,1.0437562229593,1.10448731389889,1.05506569390067,1.06620285227832
"Arnaud_Batilde",0.762870993171167,0.759007440224557,0.899280652036572,0,0.795739133656692,0.69951119066053,0.807245236158917,0.85256576476747,0.685668619387364,0.760226942302946,0.845758291634419,0.831785088236502,0.694008859057617,0.779410972742531,0.751114838232466,1.07735003914948,1.08912496061004,1.04038964932059,1.00011645506577,0.949741129261525,1.01593362382647,1.10346553341407,1.11254105697891,1.09840675151279,1.13696264213138,1.05120981597225,1.04509603327649,1.08907935961531,1.13671658486308,0.95041538448524,1.03420108781223,1.01522386016913,1.04344355205206,1.15403662918573,1.14120527461336,1.11766762775634,1.06916234174297,1.06057439902774,1.06645318955352,1.01887432838264,1.00178185450061,1.08108311057267,0.974347992929617,1.0917206536361,1.07887311401686,1.0698899086344,0.961466920275344,0.978539912106527,0.870311499151671,1.03305174615403,0.961668261004998,1.12129450259923,1.03869247608942,0.97159983169893,0.882177317883386,0.952905448504662,0.939707635126321,0.93741615098629,1.03693814678876,0.919106247007708,1.02228572577829,0.926775672717199,0.947183817074621,1.14585526054015,1.08476356672785,1.07351338194917,1.13233382933754,1.15884600118185,1.08583230868115,1.15640500382899,1.16788348608769,0.934693142939127,1.15206246027815,1.07084961567445,1.08795130982533,1.10359379743134,1.11720025614513,0.950387913312802,0.962839823107166,0.930189454901452,0.930660708767192,0.916974740207429,0.905773201006531,0.965372271444773,1.09621940494668,0.977063110599288,1.06270955259773,1.09106716033453,1.16237709742186,1.0677114669135,0.982489760192235,1.11194622220286,1.0711226416909,1.05575379237155,1.08671613872855,1.05524993551782,1.16018634939179,1.0665842868559,1.07002925141688,1.14049127274213,1.12738076394774,1.11115971682715,1.13235136625194,1.10246130048366,1.12091177997564,1.07005142985336,1.08562220771265,1.04650928259778
"Arnaud_Clary",0.803931803229366,0.750168995318927,0.947882449407941,0.795739133656692,0,0.683098093198745,0.729418197189244,0.729215761412171,0.795337559982481,0.799863065988988,0.80366885872566,0.919697726159452,0.793088253805574,0.752709654876702,0.821059893052502,1.06829126100451,1.020205558531,1.10012896251901,1.00342363413083,0.9884108886262,1.02704100465629,1.06263735862739,1.09892054692995,1.10653862845284,1.08091743556192,1.05638015573541,1.09733302655342,1.06502473978197,1.11731199805883,1.04897589050053,1.13457793392931,1.06450578180745,1.03623766959059,1.10928054302513,1.09555671989183,1.10565611841335,1.06318746675766,1.02694733882436,1.04195264224885,0.983496971035652,0.992691368754883,1.01843659968814,0.950881189260829,1.10703945966321,1.09658261975586,1.07352027476855,0.975515128154466,0.969170447806381,0.940312682549601,1.01943658960119,0.988670261740109,1.0634551642728,1.02194617193456,0.985369793828913,0.919548637023527,0.893375319347034,0.98949739831618,0.977225648819082,1.02535778773969,0.969815662145421,1.02610249412253,0.934837675566957,0.950939167965419,1.114885959376,1.04790321646585,1.02832399013793,1.08089490155051,1.10085869102792,1.08321552262781,1.07301384529639,1.14547309545845,0.983927684980095,1.10226207153976,1.01902116951146,1.02761091913909,1.04044131978855,1.05977862438678,0.966633813241748,1.00402433224838,0.971586098903247,0.990354615870087,0.942357077105993,0.926637994676113,0.984782837695162,1.06800533364009,0.958650488660742,1.11420801583684,1.04578285102799,1.13402712049747,1.04400602747388,0.969899812962192,1.0250809515648,1.02245494094801,1.04422081420953,1.08139867918103,1.06088068954237,1.11936398445208,1.07926937994157,1.06562141054736,1.12060851484044,1.08221929601716,1.08683107139203,1.10747368586093,1.06967474462426,1.12904860524361,1.08668754712339,1.06900036908141,1.11106053268798
"Arnaud_Epoux",0.646338423552088,0.641547318323257,0.79758452072019,0.69951119066053,0.683098093198745,0,0.730819112729613,0.781739990132457,0.634209183947155,0.633170606086206,0.746420122364435,0.866761466168241,0.635686582491177,0.657262259907235,0.719397227275431,1.11404811444887,1.0309867025414,1.09570665271749,1.00530595906725,0.991540965712212,1.07448185264259,1.07041482304311,1.12253319335112,1.11785937712116,1.12173264517576,1.10811909098174,1.09638373838684,1.09493914641874,1.17126128700286,0.930753805553823,1.04771379429865,0.990376117939687,1.06070395512534,1.15605810423491,1.14401360722,1.16174309392969,1.04110014435517,1.05469837981215,1.07163118459147,0.981168981982344,0.967811565114432,1.03367396453023,0.917540802266553,1.16023768820627,1.1270769944929,1.14812214571543,1.00977007981427,1.00836341123939,0.961330684042096,1.05288516885686,0.987233820256121,1.11459405826116,1.04036837406351,0.974149759439698,0.839550752152334,0.890932154032351,1.00293656595195,0.983095389576115,1.03556052646168,0.958379625734231,1.08259552581823,0.889379142792996,0.952256740245914,1.12467523975728,1.03734764315248,1.05816763981614,1.07513992212724,1.11558016180221,1.1127838389648,1.14039173162539,1.19849681066957,0.985958886459695,1.13966965512194,1.01785820468824,1.06414890555984,1.03147781423839,1.15737198740862,0.96661679992609,0.975286742211156,0.907113149111784,0.933665133024835,0.873939053903085,0.922189886985972,0.965552400519791,1.10003099115482,0.923259402227394,1.13308686092376,1.00742612548144,1.18274347193913,1.01352132123295,0.900770949583707,1.03056762129076,1.01288091240138,1.01813659960077,1.07330338762284,1.05468092011776,1.19337315755252,1.11069924100053,1.09813674331151,1.16162615934821,1.11488509487401,1.1343923275672,1.14139677918727,1.12258986242299,1.21035281817439,1.11822987185698,1.12695695126223,1.14663370510566
"Arnaud_Fanny",0.747605219907202,0.673432492734261,0.887827724777265,0.807245236158917,0.729418197189244,0.730819112729613,0,0.801257265785994,0.785136886873632,0.787686268846915,0.778307151425232,0.868293495423778,0.816372998074525,0.757746328326045,0.801640752215504,1.0483077394852,1.06938262526839,1.03961574560228,1.06316456855107,0.999795670307675,1.01699604788063,1.09695482283189,1.12438220926624,1.12359723305937,1.13864209211772,1.02884230657515,1.07376081906428,1.05998302654773,1.10523460958085,1.10394737859746,1.12421075442323,1.08727038679906,1.0275079630237,1.05181115356668,1.05622912289865,1.11802192355137,1.07389308061458,1.08829241433059,1.01375821883716,1.00478795681781,0.966304819692817,0.987791271901253,0.945522664917295,1.04762464867504,1.05263155687562,1.0493304641854,0.976176664351493,0.994722905940457,0.910293706629639,1.09208145917457,1.03379997161276,1.09290049044894,1.06886151157686,1.02928738889563,0.869319071172103,0.919819669113576,0.994196331107691,0.985431651784884,1.04517507657399,0.935695766706346,1.04576225595768,0.978879047824509,0.947786622233179,1.07835468884421,1.07659136358622,1.0741740819501,1.10882847564074,1.10813953828375,1.03300074327433,1.13091361939303,1.1175134013431,0.955832275542067,1.06752964711762,1.03980399798391,1.04801024960849,1.0959775861984,1.04673921784327,1.01598721912924,1.03078114927707,1.03149572719293,1.03194969135114,1.00528460275824,1.00602674312183,1.03117262520874,1.10475980251749,1.04566436751008,1.05339512665993,1.13359821316524,1.0957435818539,1.06075374122177,0.937920191091356,1.0436222103493,1.02338996141536,1.01988105236538,1.0621432725255,1.04034087554385,1.09329438575365,1.05433248218322,1.0795432466694,1.09357878495503,1.02035346795791,1.05736122808417,1.11182021170567,1.06807727232514,1.04830676723047,1.06987797223043,1.06482911955328,1.07268575599011
"Arnaud_Julie",0.817732725452038,0.737034474627844,0.922314015058894,0.85256576476747,0.729215761412171,0.781739990132457,0.801257265785994,0,0.82280632831634,0.813931409485625,0.767331555900415,0.866288768663995,0.828589020328773,0.79489005569892,0.790472373883192,1.06700602136565,1.04463389869594,1.04385411625971,1.05187065790463,1.02002574097874,1.04938014026276,1.09671479479123,1.08331420472423,1.08630244800478,1.14608354621442,1.0278966308216,1.05642181992412,1.08517403564547,1.11130651493936,1.02680439398961,1.06685715136772,1.06915580249121,1.04102918366134,1.14164191740458,1.06926180620503,1.07783922308667,1.03409830647046,1.08511477996414,1.05381072027033,1.00235243514785,1.03707370298577,1.07254196164067,1.01805432333082,1.07618879334937,1.07174382519192,1.03339034786141,1.05416439679236,1.07693348661034,1.01929352715052,0.999094067897509,1.02357479041759,1.09789807860255,1.02293460995006,0.977883311607614,0.893967755174784,0.840021607925189,0.967691404358395,0.945732452735084,1.06222422473952,0.994392687051479,0.952149699810798,0.960581456531236,0.931184442643125,1.09650717953575,1.05369201503831,1.0410723940775,1.07098929831344,1.07304479930964,1.02037335623088,1.12542160456522,1.08232921775149,0.974511930833341,1.15658454033384,1.0313656837375,1.05093985419829,1.07339118336066,1.02371115727228,0.941404445791023,0.951154865556819,0.971579141104128,0.988512855906617,1.0103586099175,0.97828657263882,0.990591396590339,0.994449077045314,0.970604340393604,1.03746077484442,1.0155455373149,1.10299791296302,1.05626782432454,0.975572676089242,1.04509500068829,1.04809167822326,1.01739432084981,1.08185365631058,1.0622050923277,1.11961514165103,1.05749620710438,1.04548765388411,1.09310486721317,1.06222625537986,1.08685991214711,1.08718956187767,1.07565256463076,1.08489320799003,1.08614877333648,1.04467784960474,1.08516666299706
"Arnaud_Lucie",0.734608389931162,0.705555571351262,0.859171057607082,0.685668619387364,0.795337559982481,0.634209183947155,0.785136886873632,0.82280632831634,0,0.716838636350393,0.795956410425494,0.88590912564816,0.624081707380826,0.794397800654015,0.764558858230824,1.05030653814111,1.11861481389122,1.06993103696289,1.03826176388966,1.00958238373837,1.0852102837143,1.09751289140703,1.11958893070002,1.11755790180989,1.11709940515007,1.04267200089039,1.0689858660257,1.08943075485126,1.11053126056374,0.983592600927543,1.05330637872083,1.01367382624719,1.03335825552032,1.1398907422345,1.15659328065634,1.13221213301394,1.05655714255327,1.04903122255139,1.10227654003409,0.978479846422854,0.983433867175772,1.06739928614621,0.957045172508139,1.09474301753504,1.10698931691642,1.05039420400893,0.979243434087038,0.989393258461758,0.929119067141758,1.06256224368557,0.979437451648145,1.13996075549947,1.04849593954345,0.993657546249067,0.831553975450375,0.927636393117958,1.04184322639684,0.974449792243941,1.04303300784507,0.950323278357431,1.08904670341206,0.946353838309197,0.990870268099814,1.11239434825916,1.08964361481062,1.06212208595045,1.11239145826179,1.14318119275929,1.04793389019058,1.15661801027181,1.1456591934828,0.935644547667218,1.10892183293042,1.07587981214904,1.07086138034285,1.05929022860657,1.12748061401909,0.960493178288611,0.93035782714232,0.928149840226913,0.916964976835478,0.911441364684438,0.906551664025864,0.983136857699732,1.14176430632092,1.02266357226503,1.07147096038344,1.08636106472925,1.13772434336937,1.05231663502761,0.943560561886355,1.06460616959504,1.04898229322103,1.04827388886541,1.08663388685585,1.03925552783616,1.18587136964443,1.04055728292661,1.07220147335137,1.16229289179909,1.08637568536747,1.12160403306561,1.12487333268696,1.11302002901649,1.14503906537348,1.09736617065812,1.07113158361495,1.09143617425461
"Arnaud_Matinees",0.721343042584555,0.751539967686026,0.900582959382686,0.760226942302946,0.799863065988988,0.633170606086206,0.787686268846915,0.813931409485625,0.716838636350393,0,0.733312913694804,0.793990472964721,0.665763920773959,0.755223068041874,0.751727607912561,1.12273661119639,0.992349926461247,1.08846029298167,1.02839889040991,0.926720178374634,1.05567038686167,1.08500288218866,1.08762956996535,1.07752347613155,1.12738905572727,1.07900822148401,1.04915710665583,1.05472072492724,1.07382869342494,0.913523371692671,1.03327005030556,0.974805539416208,1.02296245606997,1.13783776894598,1.13668193480911,1.11797274795877,1.03384155815125,1.09587742133342,1.09138684882934,0.97164664568451,0.984518544319003,1.02756108362745,0.976277528149202,1.11121264677776,1.11598496047454,1.09400489900708,1.05063525068558,1.08074896367129,1.02563702295795,0.960733409763566,0.970684744943839,1.06203487569841,0.981547019752942,1.01108206018538,0.94481656405268,0.978638444016774,1.04062781584229,0.98071395891262,1.04242492747595,1.05503914139323,1.10180000800821,0.993851961270413,1.05438337556434,1.04172833702608,1.01085654281935,1.00252682594466,1.04062163243636,1.00517407926413,0.987633902527967,1.17310530023661,1.12823064543169,0.973678645139272,1.15995033489447,1.02576639163973,1.0640606448162,1.05612199078995,1.06866178398384,0.917916950499228,0.912053920344576,0.92782386911869,0.897799160895354,0.946852184162187,0.857505530662936,0.8658917068681,1.07483840623094,0.997659754949934,1.07641842734743,1.03498820963051,1.12898449121609,1.03533923422724,0.934483403096067,1.06064793772141,1.04148471315828,1.02799234645122,1.1359469644809,1.06850110979535,1.20777571258094,1.09788008549351,1.10649100239909,1.15271626438671,1.13297856262514,1.1602250059177,1.1288748959485,1.12009898998019,1.1714648481086,1.13301008921923,1.08328571683609,1.12377145596271
"Arnaud_Nancy",0.766786618945399,0.738598953383373,0.9082395350748,0.845758291634419,0.80366885872566,0.746420122364435,0.778307151425232,0.767331555900415,0.795956410425494,0.733312913694804,0,0.872787515147597,0.770384786005674,0.859906107020919,0.774601043412442,1.0393274170897,1.03714721536618,1.03484087925023,1.01122810377684,0.969050951600758,1.02414183052291,1.05350845256248,1.10512226005353,1.07742586151815,1.14154073517224,1.00817027484224,1.06624756691797,1.04317693231305,1.08236991507168,0.994013924542005,1.04768720173539,1.03930985449089,1.02147362195251,1.10082211147918,1.10919187638835,1.06853310709314,1.06000865229658,1.0472728019363,1.06270551104658,0.974342357461977,0.982415530723914,1.02070873382838,0.979237366281841,1.08249650194854,1.09837734830105,1.07156079549818,1.04218863308174,1.03287965172404,1.00501063375632,1.01972642080795,0.988699951609361,1.11677141478417,1.03700626069517,1.03140424411988,0.916806783741852,0.962419742232632,1.05242390185414,0.949429836514369,1.03070051874796,1.0024553143739,1.0637287451461,0.991854492386917,1.01621400761552,1.11528236495035,1.03903281884365,1.01126930687673,1.04544438750064,1.06967581757654,0.976784753786235,1.09514341729308,1.08609626166634,0.917813685497486,1.11963901432989,1.07271264766202,1.0827993184158,1.05000849176107,1.05090845930084,0.903887684076258,0.936262638767514,0.976500862140556,0.963358054758707,0.992927460508886,0.911706213081506,0.957876443832885,1.08030137725979,1.03543390193735,1.06251065065982,1.08036269734497,1.11960717720054,1.06968686336362,0.946936839334167,1.06783577070589,1.08427778202734,1.08331281459934,1.11314853542237,1.07601236482926,1.14442195656832,1.06238804506114,1.05575468017337,1.12502922889162,1.0451756572023,1.10603469575582,1.08726851458152,1.10727856561765,1.09474303370234,1.10514870509761,1.07281013066031,1.10650043920826
"Arnaud_Sargines",0.830944772242936,0.861950115612793,0.937544826390297,0.831785088236502,0.919697726159452,0.866761466168241,0.868293495423778,0.866288768663995,0.88590912564816,0.793990472964721,0.872787515147597,0,0.842176839068628,0.855080098378153,0.784445122172833,1.05284753508929,1.07632920163241,1.03709133949425,1.02950244415656,0.909868481734747,0.911659681703833,1.11122813575975,1.09366202325577,1.09620901244763,1.10092783331619,1.00639662902964,1.02024429296606,1.07999573238649,1.04728640548617,1.04039633593978,1.07848674651568,1.09276518500256,1.04118284711684,1.07546485734692,1.05260394685676,1.05701409831948,1.04921781124164,1.0945797605046,1.06169723420713,1.03308918501335,1.02417856451608,1.02705211528169,0.995070822598892,1.05028928562162,1.05630780574459,1.03346493378017,0.940957328556418,0.983015291716186,0.885661117222384,1.03369947350801,0.945804090594669,1.06238502908175,1.04550878166768,0.988275303241305,0.943203002313875,0.931958939283372,0.959399243382427,0.958700431087987,1.0237540486412,0.926994471402889,0.945009087817169,0.958067423147511,0.919268467784064,1.0484373864042,1.04774256298177,1.05822259030838,1.05992228885449,1.07627864290862,0.995044476284948,1.08501688005924,1.04984083161157,0.897393784846501,1.09694946751199,1.07075177932828,1.09537859547973,1.10499090800361,0.994470219159891,0.992138977684666,0.966722002905235,1.02233031484126,1.04049882103813,1.02869462339522,0.977471310768102,1.00188472006897,1.03060961119918,1.0496266354391,1.04271644447989,1.05310787817335,1.08251955074893,1.09880437234949,1.02284233095167,1.10943384979759,1.10725638843992,1.06332526703329,1.08219077617212,1.05473730168435,1.0740734115027,1.03939039323014,1.06387900724694,1.10866751422961,1.06117245115976,1.08127327712538,1.09325930034031,1.07618275938784,0.992748540045217,1.07345423700898,1.0525881835737,1.03008950806362
"Arnaud_Selicourt",0.701312679640168,0.748551473537803,0.865416047335755,0.694008859057617,0.793088253805574,0.635686582491177,0.816372998074525,0.828589020328773,0.624081707380826,0.665763920773959,0.770384786005674,0.842176839068628,0,0.788923287642533,0.769750576583348,1.06946640970852,1.07024761157867,1.0722302113612,1.01846578838121,0.967994524332946,1.06609430545934,1.07342108202364,1.10297055914657,1.08589973973569,1.13280245441804,1.05104614543147,1.07664506262609,1.09733488085282,1.08461341243359,0.91353366719189,1.0156593799744,0.947940421828321,1.02743151237115,1.13519939307418,1.14094641224933,1.09505484151121,1.06349601641483,1.05312784838195,1.10374025746298,0.98822262930298,1.02431580362187,1.09926962096855,1.00160616403499,1.09248020568963,1.09661759504297,1.08067207801757,0.996531784047601,1.02722718978635,0.993950981910323,0.987076051537763,0.985020473727612,1.10957285715272,1.01874376814334,0.985250996086896,0.897452616158958,0.938220292307258,1.03958778779622,0.934302507608427,1.03977920748519,1.02372920760667,1.11966043707899,0.984682579962961,1.04023871731346,1.09121018235201,1.07239289069038,1.02254947108943,1.09061034791137,1.0966546349536,1.05063182705735,1.158229862582,1.15384543991358,0.962414995984156,1.14422491384385,1.07975724494041,1.09338490707589,1.06345822963412,1.16935910785383,0.914818309427129,0.8853283759952,0.882463539320354,0.866296697264918,0.88124852667933,0.906094357994003,0.937850343017659,1.08738413598565,0.993050096143699,1.09796768924521,1.07181646896991,1.15595969749737,1.0719767645625,0.974253454252978,1.09733042325603,1.09028612761278,1.04305774901003,1.11193369229057,1.03746076080268,1.18911390158825,1.06005263488122,1.08643653385929,1.17400079685049,1.11517180720438,1.13479595890882,1.11527988788648,1.10552234620582,1.17349602426615,1.1026715043154,1.06604864702058,1.10789146370759
"Arnaud_Sidney",0.774085736125763,0.684897936947122,0.920816240583035,0.779410972742531,0.752709654876702,0.657262259907235,0.757746328326045,0.79489005569892,0.794397800654015,0.755223068041874,0.859906107020919,0.855080098378153,0.788923287642533,0,0.758722316055796,1.08933075758234,1.07081060106183,1.07271199301993,1.05169673604901,0.9857686799766,1.05116506239722,1.10878816635306,1.09543004780677,1.10047483734681,1.14085578078722,1.08530195841193,1.075868017038,1.10455072333079,1.15154294216847,1.0463971977065,1.14462009170076,1.0892067767631,1.04043663755186,1.13013737220145,1.08318898558178,1.14513782986004,1.01813868052578,1.10208669675597,1.02254913602594,1.04153999981571,0.998833309759299,1.02512236934957,0.969582088805205,1.09735369543716,1.06937932313439,1.07167053382905,0.956989387459027,1.01355926676724,0.898626480626517,1.04845385660715,1.02046470569995,1.11368648883371,1.07133648752159,0.923166854254216,0.855905717854062,0.817895814085365,0.940440007755958,1.04104622600482,1.06692828084304,0.928272316385788,0.933259078460925,0.939550109979806,0.865911646062881,1.11663921105322,1.06723653931193,1.08049763580911,1.09235836696269,1.1117518231169,1.07825088300306,1.11439704284518,1.14492764444384,0.971798383597532,1.13765075748221,1.06399025993437,1.11019795504758,1.11342912063654,1.05490445505056,0.987409017018564,1.04270440864482,0.988680424745064,1.00535859090725,0.995919291318798,0.978770890009471,1.01419770833745,1.02587561590783,0.995938908612489,1.09927487198377,1.01436754528774,1.11724633556683,1.03734231376409,0.991437370626197,1.05606659085371,1.00952920096018,1.01466943479187,1.01022050946734,1.05433547840785,1.10448628757027,1.07027567313723,1.04560411384545,1.07720426648442,1.05828327799021,1.03826765179469,1.0595513062324,1.09050774994546,1.08859727750907,1.06285515446929,1.06399235502698,1.08870376973779
"Arnaud_Zenothemis",0.755407820000941,0.73171880502664,0.973526765576902,0.751114838232466,0.821059893052502,0.719397227275431,0.801640752215504,0.790472373883192,0.764558858230824,0.751727607912561,0.774601043412442,0.784445122172833,0.769750576583348,0.758722316055796,0,1.11701912035803,1.08330137647229,1.05035058139364,1.05025521716525,0.962681706436954,0.99563716117939,1.13350739704456,1.12803186541884,1.12691436047586,1.17466109833663,1.06684951430667,1.04625316161305,1.10188284480234,1.13537390572653,1.00481680532259,1.09654795539216,1.07335618129952,1.04929061901892,1.15516814803355,1.10889673466647,1.10997640435173,1.00142458442493,1.11045678101117,1.02262964713823,1.0464628121646,1.02117755902421,1.08872662405783,0.992366868511673,1.0911794566061,1.04898787087669,1.09878675701842,0.994014233944577,1.00182135536614,0.893820072139352,1.06422816390187,0.975879539241159,1.14188689869134,1.05560377826984,0.972457303361897,0.845183023370059,0.85572544654356,0.914022104056833,1.00497824779004,1.06481498504247,0.88210843905731,0.895653366516976,0.948528013342805,0.854777547462633,1.12922444100952,1.08431156902918,1.07758224243191,1.13246826215938,1.13922816869026,1.0700299098663,1.1486814276151,1.1208960027633,0.902654179613039,1.16440800546202,1.07565030599275,1.12858778873962,1.1329630117383,1.06333280051636,0.965011523295927,1.00859176412404,1.01797878917336,1.01974780961055,1.03194818175637,0.967636789768734,0.999894102375126,1.02679684623396,0.994766009664155,1.06395543801784,1.03963431872239,1.12553561437456,1.01785215757261,0.948809440026247,1.04781274953376,1.00775844393095,0.988527566945724,1.05449569511178,1.07810542767124,1.14211230639234,1.06140028632064,1.04639872973589,1.08037398823573,1.08390922064532,1.04115210279397,1.10033790538712,1.07909835284723,1.05287142854375,1.08372545839516,1.04960787045151,1.0564919510946
"Beaumont_Belle",1.05365390517225,1.06314601879634,1.00599715404411,1.07735003914948,1.06829126100451,1.11404811444887,1.0483077394852,1.06700602136565,1.05030653814111,1.12273661119639,1.0393274170897,1.05284753508929,1.06946640970852,1.08933075758234,1.11701912035803,0,0.985776607916045,0.810906772834323,1.04855492566334,1.07499963004561,1.06967237734069,0.89256552367627,0.945960715733428,0.928526593859122,0.931194366804811,0.932186853179293,1.00016596078278,0.945934422277964,0.89409037460287,1.10652234970574,1.01687427314625,1.04045821993967,0.996162768509291,0.924070326753031,1.01232178683101,0.961563620859066,1.06885045168762,0.946877766417007,1.0537389812361,0.991825855894722,1.04592425808952,0.995878296374299,1.04009434805048,0.955808348656516,1.01168069526462,0.949977090139625,1.01310232619964,0.967421021913359,1.06842135005754,1.04889127372338,1.00926575429539,0.92572127854369,1.02195457910017,1.09020228555828,1.07773688768328,1.12878631364311,1.09236593855507,1.0508103258208,0.97691320429183,1.0605166644972,1.09051892551077,1.0548056355716,1.08459589966801,1.03985571965107,1.05394067299202,1.0507005597967,1.02507628214043,1.06661709947531,1.00164082630563,0.979452200529229,0.950146682096988,1.07382497139837,0.92282555054527,1.03970938141855,0.989975505312813,0.946915668490198,0.932103198930506,1.00321490816042,1.00621392905657,1.04660009444882,1.04156902072764,1.01336911191977,1.0354931710877,1.09151655362902,1.12957528573119,1.14275273061717,0.970583482855569,1.09231075078187,0.988746290923254,1.08602936995933,1.11390515257902,1.03200284482181,1.09406243697053,1.10310630243242,0.992170523485551,0.979738228711506,0.885510626943362,0.910626794550553,0.972052355531404,1.01306615840793,0.922263631748353,0.989671352698295,0.968515009145392,1.01232113929089,0.930018054293364,0.974760793231231,0.98365190234677,0.943966794329368
"Beaumont_Clarice",1.07936236247377,1.03895479511255,1.08218088728935,1.08912496061004,1.020205558531,1.0309867025414,1.06938262526839,1.04463389869594,1.11861481389122,0.992349926461247,1.03714721536618,1.07632920163241,1.07024761157867,1.07081060106183,1.08330137647229,0.985776607916045,0,0.989495505263358,0.941382417101012,0.968521044962213,1.00556940870388,0.870163572118733,0.910478092344548,0.941891258045461,0.908599768826567,1.01607937257659,0.987363509923425,0.928702749183301,0.942294885471351,0.887737279454506,0.984414664287772,0.938757206106448,1.02114526765336,0.957098097966236,1.0252055146453,1.0171106973167,0.988447900979062,0.91301761800731,1.02989094652174,0.98007015040199,0.999351442317413,0.928797586175706,1.0260871843033,1.00887792227638,1.02033215291104,1.03140458080181,1.07584050856518,1.07849129069616,1.12274721579686,0.907422269149187,1.06106003400818,0.840165789145128,0.947718845504766,1.08430338816908,1.13313187424019,1.11549740920342,1.02410287937353,1.07615493134352,0.992730880155433,1.11655281064964,1.02823213428648,1.03488226323076,1.13369521955379,0.977930270479402,0.978073678729812,0.942054528787741,0.95168903987265,0.92527812430423,0.987339772053886,0.950678318898856,0.954582056344498,1.06929774052563,1.05059419709922,0.913926298377395,0.886796116766881,0.960184616315741,0.848867793244852,0.985589924883667,0.99818677777663,0.972763394638828,0.976541699571616,1.0355728909006,0.928777345706937,0.964575605319833,0.949652941858402,0.937963140265094,1.01785535851829,0.963504003581174,1.01291727602343,0.921138133394306,0.998290493489452,0.880816253512938,0.953619602920418,1.01071529109754,0.982165021356315,1.05725713696353,1.01665748643315,1.07564676982784,1.01672081924236,0.919009548280775,1.04771777378073,1.03874757408595,1.04095312322164,0.98415658576206,1.05463233227833,1.0215538102084,1.0600988141699,1.06342872093314
"Beaumont_Prince",1.03873241029774,1.03437710161474,1.04006929688822,1.04038964932059,1.10012896251901,1.09570665271749,1.03961574560228,1.04385411625971,1.06993103696289,1.08846029298167,1.03484087925023,1.03709133949425,1.0722302113612,1.07271199301993,1.05035058139364,0.810906772834323,0.989495505263358,0,1.03280194354937,1.05260281131218,1.05192127567809,0.989763338211077,1.03321835118403,1.03883119204502,1.01333953281276,0.978669260025706,0.99746304264393,0.989755737658189,0.976758405621037,1.05368360302235,0.979403871524705,1.0348524706016,1.01456639716001,0.990494470207698,1.01320101711688,0.930171657713236,1.01391920554011,1.00599988443431,1.03248694058932,1.05347601258864,1.04231788707703,1.03315499059813,1.04346863812608,1.00613119013728,0.989681866682627,0.985998017055069,1.02843546830782,0.974823807832644,1.02290663538337,1.07603944372745,0.994003100830948,1.02923401989282,1.07408019447112,1.08235216161197,1.06152323262503,1.07060340813376,1.00138658139927,1.02526934446432,0.968244204552414,0.989511011928696,1.03526902301836,1.02660708369193,1.01283697922816,1.06388623360955,1.07023609179486,1.05798239040226,1.03790941016801,1.06665940259062,1.00900421302113,1.00205129112239,0.962436756562559,1.00209168123389,0.956962878809687,1.05443045940715,1.03773131272042,1.00570546288918,0.955637868262167,1.01739833550707,0.983494319429569,1.07036888858959,1.08915831501308,1.08640408742675,1.04034784624144,1.07704042186168,1.06982542010724,1.11692713122614,0.954088687235819,1.0645479930295,0.975606961439477,1.03767053408744,1.06215764057902,1.0127346697689,1.04339822024216,1.04909894859735,0.999047720229521,0.988717160418173,0.92134967609906,0.923499405081231,0.990009154288142,1.00474202010917,0.933735186047995,0.943728311749592,0.980572936571906,0.999880485652674,0.926782543915985,0.971367809380832,0.971072282049298,0.912416265596763
"Cazotte_Diable",0.995173951356626,1.0327431204472,1.05446520489969,1.00011645506577,1.00342363413083,1.00530595906725,1.06316456855107,1.05187065790463,1.03826176388966,1.02839889040991,1.01122810377684,1.02950244415656,1.01846578838121,1.05169673604901,1.05025521716525,1.04855492566334,0.941382417101012,1.03280194354937,0,0.836417106946824,0.755780971657574,0.975512749493808,1.00252076542026,1.02524351406288,0.995190262629028,1.0566861172364,1.0674506233555,1.04304686027897,1.04705290565813,0.980684603940631,1.01708307612856,0.979004430848458,1.04090375869334,0.958790840221601,0.990838681568182,1.03080089202649,1.07472148423426,0.930808550714138,1.05444890079912,1.03226373957772,0.980762403186181,0.937410927278725,0.940133929792666,1.05074856389042,1.06192532215645,1.04546392263019,0.9922703894141,0.973920441885982,0.988849822898099,0.969877880202625,0.939672604476398,0.99743939732454,0.97478862566126,0.975633417479842,0.983874346539331,0.966453514179909,1.0410257654393,1.02878919788195,0.971760200584304,1.00969702989432,1.0167465522364,0.925531159912226,0.971163862743879,0.955711184058865,0.931244387382245,0.909886041538419,0.909267393208876,0.928081556305998,0.982524629827395,0.87882507275725,1.01943645866893,0.971382411416833,0.977694309600275,0.988749862634296,0.998670628804641,0.951842234940924,1.07207546453945,1.04547752296408,1.02767479930077,0.989505864594976,1.00666521320465,1.00403519920765,0.963406762024431,0.948453140787906,1.01120979350109,0.990404450011881,1.05828654961843,0.963930670304004,0.995505262534261,0.960597781491561,0.999809085876368,0.948885160582565,0.950437287676668,1.03542179452192,1.04949476201754,1.06638397538748,1.06167319315421,1.07613505896112,1.06894349009831,1.09414065309582,1.08254136977926,1.0480235283116,1.04311460936151,1.03444605964515,1.04011705328721,1.05108618503564,1.06078070991668,1.01720987228966
"Cazotte_Honneur",0.973043129251882,0.981310060627683,1.00382648203237,0.949741129261525,0.9884108886262,0.991540965712212,0.999795670307675,1.02002574097874,1.00958238373837,0.926720178374634,0.969050951600758,0.909868481734747,0.967994524332946,0.9857686799766,0.962681706436954,1.07499963004561,0.968521044962213,1.05260281131218,0.836417106946824,0,0.758639912249499,1.0866577450729,1.01121138045485,1.0553030701629,1.09982516927644,1.02596695100456,1.02158962499353,1.05605605880798,1.06874104246966,0.974313522213269,1.04496217391365,1.05042248418915,1.03881106938435,1.00745090588396,0.997226923096023,1.04130110639452,1.03242179531582,1.02278760308128,1.0309683335014,1.00557351372192,0.955789495975084,0.958495960699001,0.931595711115763,1.04303884462092,1.0440637069715,1.0528178493239,0.989973488743525,0.999185855175441,0.944478087734063,0.967988017044993,0.978894271614038,1.03639877854527,0.991419961741717,1.01847332255594,0.9462583669688,0.972843393158234,0.972322193889669,0.983395298697819,1.00902091300536,0.94170215869588,1.03348500060207,0.982347156295772,0.987022884758632,0.930242673969649,0.996474105725791,1.01524498115008,0.989245948304362,0.975781313248137,1.00240374464653,1.04474697598669,1.03433818056967,0.928460183929714,1.07886086726188,1.00462699457016,1.01839103183075,1.07793647544262,1.07141542253836,0.991288450826731,0.993823465256069,1.0087934555681,0.976181836116301,1.00830743470526,0.98314930923162,0.953833295182414,0.982476152373768,0.97901781048229,1.01572635739635,1.03734412584962,1.01734336432752,0.998411796899846,0.966884670625978,1.01119657498699,0.974486428095583,0.987469785509168,1.05199612336173,1.09062410361294,1.06356074261742,1.0723043324136,1.05224055059635,1.08101772516374,1.04655589824901,1.07193502752127,1.05675081951694,1.07062825349173,1.05571545596242,1.09512437804402,1.06871787597713,1.03828063195148
