"","Arnaud_Adelson","Arnaud_Anne","Arnaud_Bal","Arnaud_Batilde","Arnaud_Clary","Arnaud_Epoux","Arnaud_Fanny","Arnaud_Julie","Arnaud_Lucie","Arnaud_Matinees","Arnaud_Nancy","Arnaud_Sargines","Arnaud_Selicourt","Arnaud_Sidney","Arnaud_Zenothemis","Beaumont_Belle","Beaumont_Clarice","Beaumont_Prince","Cazotte_Diable","Cazotte_Honneur","Cazotte_Ollivier","Charriere_Caliste","Charriere_Femmes","Charriere_Lausanne","Charriere_Neuchateloises","Charriere_Noble","Charriere_Observations","Charriere_Ruines","Charriere_Sainte","Crebillon_Atheniennes","Crebillon_Conte","Crebillon_Nuit","Diderot_Ceci","Diderot_Jacques","Diderot_Neveu","Diderot_Oiseau","Diderot_Pensees","Diderot_Religieuse","Diderot_Supplement","Ducray_Cinquante","Ducray_Coelina","Ducray_Soirees","Ducray_Victor","Duvernet_Devotions","Duvernet_Guillaume","Duvernet_Retraite","Florian_Estelle","Florian_Galatee","Florian_Numa","Genlis_Adele","Genlis_Chevaliers","Genlis_Emigres","Genlis_Meres","Loaisel_Ainsi","Loaisel_Comtesse","Loaisel_Dolbreuse","Marmontel_Belisaire","Marmontel_Contes","Marmontel_Dejeunes","Marmontel_Incas","Mercier_An","Mercier_Jezennemours","Mercier_Songes","Nerciat_Aphrodites","Nerciat_Doctorat","Nerciat_Etourdi","Nerciat_Felicia","Nerciat_Monrose","PigaultLebrun_Adele","PigaultLebrun_Enfant","PigaultLebrun_Kinglin","PigaultLebrun_Metusko","Retif_AntiJustine","Retif_Paysan","Retif_Paysanne","Retif_Sara","Retif_Vie","Riccoboni_Ernestine","Riccoboni_Histoire","Riccoboni_LettreJuliette","Riccoboni_LettresAdelaide","Riccoboni_LettresFanni","Riccoboni_MissJenny","Riccoboni_MylordRivers","Rousseau_Emile","Rousseau_Julie","Rousseau_Reine","Rousseau_Reveries","Sade_120","Sade_Aline","Sade_Crimes","Sade_Infortunes","Sade_Justine","Sade_Philosophie","Voltaire_Amabed","Voltaire_Bramin","Voltaire_Candide","Voltaire_Consoles","Voltaire_Eloge","Voltaire_Homme","Voltaire_Ingenu","Voltaire_Jenni","Voltaire_Micromegas","Voltaire_Oreilles","Voltaire_Princesse","Voltaire_Scarmentado","Voltaire_Songe","Voltaire_Taureau"
"Arnaud_Adelson",0,0.557547129713715,0.848820197054128,0.604816514694599,0.671943214400938,0.50341334241145,0.598448663346019,0.767486155590847,0.557537258984704,0.55488477653835,0.605029847397911,0.734508046435716,0.530119622606306,0.642974471185156,0.615249593732207,1.06820737048222,1.0899282905983,1.07740304400311,0.977905043928022,0.920372828199475,0.945720207244939,1.10676244747043,1.18232155583001,1.20951827551552,1.18655520502582,1.07053858865481,1.1385611009547,1.1264304553531,1.18017665120191,1.04391618260154,1.12541932592287,1.07538729671967,1.02839491793635,1.12312103961881,1.21923284750003,1.1612156357787,1.08250418504089,1.080764199987,1.10924695315344,0.975979787297388,0.902321972745225,1.04918658493122,0.876676392336463,1.16438785662019,1.12872091814407,1.14132406754406,0.885130772518092,0.900950703069176,0.892957737452724,1.07051741274083,0.910072298996826,1.1723484052864,1.04378798886097,0.958243005576263,0.762572864926444,0.880941037774693,1.0336756160175,1.0174409962859,1.0200282225704,0.90965075037661,1.06593219721206,0.858183493592175,0.91178468004398,1.15805915633738,1.10303114513856,1.06813767556134,1.12385759730447,1.13687423786877,1.1173408699833,1.15105239352357,1.17556930555751,0.893865127589408,1.15453492388302,1.08266433459162,1.11235833296587,1.0348483387863,1.23171236950516,0.901346800956519,0.95122316850759,0.88763376266149,0.861698362458016,0.908809089915836,0.843892275888881,0.901351984871135,1.19899949492748,1.01340970232825,1.17891559499372,1.12091950036961,1.1855715804544,1.08251078944681,0.861546230195139,1.02610148414525,1.01440728429453,1.08009984944445,1.10207553894229,1.10268870351779,1.2053979230285,1.10421839813507,1.17724831623559,1.23164310299099,1.14774443890369,1.20523598572171,1.1818423043715,1.19548888441497,1.18304351466628,1.20052478405399,1.15862622465128,1.13204876116354
"Arnaud_Anne",0.557547129713715,0,0.87285028305627,0.659390462970052,0.587948766660542,0.497637150383822,0.550255420204066,0.574354730227632,0.543637685018374,0.610108308023946,0.544543373303639,0.725502465386523,0.652810109913455,0.571766976986516,0.576476682974696,1.12219749577145,1.07788199659371,1.04685178693792,1.08820857494189,0.968408811319167,1.03338688116993,1.1422956490404,1.19725377457878,1.19915347319451,1.19708371926546,1.05893600214907,1.11488443558037,1.14413421052312,1.19257989733267,1.05984036497188,1.15958921593454,1.13224684997363,1.0508788562576,1.15032028502382,1.21706500950078,1.21006782065977,1.0631625094451,1.07600725421126,1.00589057867384,0.913690619344,0.916980473894739,1.03350499839819,0.8823289925451,1.12727928403913,1.13106797691446,1.09448897047025,0.897390674933562,0.945930646253855,0.837587111512139,1.1187462116961,1.02768854143741,1.2172511325068,1.12235206836635,0.975288554861972,0.698448341565884,0.826983242216631,0.981443729527066,0.985956431872014,1.03602365367285,0.861363949693312,1.03228074982125,0.928789288223993,0.897622945313485,1.19913152764279,1.114478589084,1.09448154262241,1.21525358822156,1.23098565278796,1.09906778218166,1.20395499967352,1.20748888812996,0.84423819318401,1.1982896876772,1.12611288452658,1.12077668485141,1.14713900345563,1.12926133356756,0.937124566151249,0.940136206415615,0.956102217888969,0.957956040493128,0.97863756973284,0.871837078504066,0.979098599681398,1.08404876477086,1.0254207324174,1.07649664712436,1.16278269250603,1.19952930839673,1.0442194313716,0.854050647720222,1.04356755761827,0.994310564035378,1.01704015912583,1.10360481405764,1.07096748227052,1.25877571116449,1.09136450684907,1.12970420252459,1.1677549408781,1.15088992910526,1.11632460645129,1.19262353762489,1.15228643430295,1.20589901672864,1.18685511558029,1.14548745629619,1.14320811159956
"Arnaud_Bal",0.848820197054128,0.87285028305627,0,0.796912448796728,0.877949533109174,0.705864611032966,0.806201360174747,0.845015164012558,0.806889744745839,0.821659395433125,0.834467831608001,0.890835059392309,0.79253640035946,0.851555703960317,0.966419081417181,1.01143615931977,1.14652593975104,1.07031419461491,1.07463034143289,1.01303916009812,1.05930880937109,1.09479490796604,1.10483614154973,1.09618952680982,1.09466125368488,1.04221371076358,1.06995118854661,1.09479384189166,1.09376818564541,0.985104344863598,0.944330140620016,0.966573058807693,1.00217030254894,1.02057141549691,1.0815302250277,0.98755648524998,1.08552072549682,1.13395465859524,1.04232671411112,0.993848405434919,1.02741908638109,1.07199024181207,1.01156644978537,1.05056095345324,1.07868819386017,1.0228510758497,0.992877843093883,0.991591070845603,1.04478778568047,1.05692790583208,1.01099565654249,1.17708014909554,1.08403530666263,0.951526981737192,0.990340408698712,0.964664231850228,1.08123461750632,0.837528166963532,1.0589129368313,1.05399752055111,1.08884114365595,0.955580874229957,0.994980180623768,0.987231464145809,0.986055081389262,0.924705094433164,0.956106581533084,1.05508207714806,0.998989352153155,1.10639106332019,1.03693751310016,0.958884864827631,0.9933656148409,0.998243923827604,1.05408000295498,1.00139202545342,1.14648006949113,0.899251583507307,0.893158876254115,0.971794196720422,0.94884985538863,0.867602059897282,1.00070170772139,0.941995266012854,1.07476772381327,0.975119969850867,1.00454172160585,1.11544761987068,1.02303348461568,1.07929585397225,0.943240321209518,1.09470666797864,1.05338108641606,0.993467169800105,1.08426087980973,1.01735378967128,1.11676538728135,1.02990779387478,1.1155281736848,1.08933210685183,1.03893221791942,1.13700009120991,1.06925091796659,1.11962734501987,1.13755923642861,1.16051826075014,1.11412609162796,1.09421851059459
"Arnaud_Batilde",0.604816514694599,0.659390462970052,0.796912448796728,0,0.675226948412285,0.52993017450564,0.68910147405924,0.768423479344304,0.57608653674571,0.654784902624477,0.712443759480995,0.742045866994272,0.59361030479904,0.699055329609785,0.635573444271958,1.14747737901866,1.04885127613538,1.07172720905414,0.937929620891143,0.922050622411896,0.997584375077635,1.10804446113511,1.1625135392763,1.16860514933327,1.15105423492116,1.03744119931174,1.06294006242875,1.12779548569833,1.19544529782181,0.926542719905841,1.06648028580474,1.04313465805752,1.05857267786871,1.17847584106964,1.2154969787586,1.12776125738619,1.03333427397984,1.05330581789772,1.11682804147385,0.989620264072393,0.968491489992114,1.12605478074947,0.952074744326382,1.1167221621581,1.10347893432343,1.13737023318014,0.895630396993601,0.930732883513025,0.812840283383471,1.04705811525392,0.93974499832466,1.2019484529508,1.06157974232428,0.927565698785827,0.852529338853979,0.862750187706814,0.933328478905332,0.874612952011559,1.02107174076562,0.918314561020179,1.07553150480026,0.899632484779495,0.92408962428641,1.19099196957587,1.11737792426401,1.08609120672075,1.20996502938539,1.2475459364141,1.12745596562868,1.17951329294848,1.26278347796878,0.924019493480402,1.15164753440178,1.04393192282384,1.06654032393699,1.09114500628914,1.15306398831013,0.886641321636656,0.949582934817137,0.889403693370656,0.865059059263023,0.872074606093291,0.837788156943543,0.909313284046535,1.11376891353116,0.926053413858115,1.09383536658914,1.14187429067164,1.25494127433051,1.08863803832778,0.915253022421421,1.15608969830641,1.09215740526295,1.03497811520385,1.11614639843013,1.08127788763229,1.2738451386917,1.09664326103323,1.10911019052847,1.21517865818367,1.20131427196376,1.21781540096082,1.20773645937138,1.16633482180845,1.18796654533367,1.17810559565796,1.13543281835407,1.07317918775728
"Arnaud_Clary",0.671943214400938,0.587948766660542,0.877949533109174,0.675226948412285,0,0.534664703768304,0.567799425677094,0.591177994595842,0.662262854686405,0.697193414321598,0.718758279656659,0.831135260959952,0.683137501559357,0.567090590613373,0.609326069128811,1.11004129863318,0.985844661083642,1.14113740862549,0.953531485945688,0.974923084409457,1.0319169775851,1.12083744691044,1.17810300304599,1.16280012177863,1.13813428728545,1.13419911615164,1.12494743700281,1.14759326186576,1.22434538152216,1.06545396511296,1.21874074871396,1.10400821979288,1.04087517862593,1.10941021784827,1.16417847711547,1.17362880870553,1.1088542798041,1.02837622941286,1.0192588703229,0.959800193517366,0.981638694362191,1.03183712052811,0.894577249808352,1.15482318397073,1.13571771116603,1.15010953395476,0.93181299509042,0.924195602406369,0.900432358637286,1.06160490112482,0.972420957739376,1.09655999438816,1.03126072102302,0.925347348188664,0.872940045532355,0.790504603120652,0.957087045474943,0.930044111433597,1.00450901278111,0.902930046291383,1.00747366404238,0.861347372761512,0.878957942871217,1.19357926480351,1.08091108595812,0.998232522114677,1.16845036685784,1.22376239466192,1.17746188016217,1.13037926486518,1.24623702284488,0.990836567255119,1.14892544566175,1.00207320115892,1.03529607414074,1.054311157101,1.09148588727517,0.930385675410109,1.02348137041392,0.927735323565284,0.932877940786874,0.894350696327612,0.856424021059146,0.941163272351577,1.10085457523787,0.930484447103822,1.17598225507172,1.06174045651082,1.25255927392915,1.02080263499148,0.950753045124116,1.00559875913437,0.999721383917775,1.02094361531705,1.0442843805898,1.07405014037513,1.20583680968714,1.10282392219453,1.10773678736678,1.14369768753413,1.16904980583353,1.14486751272425,1.15744172576623,1.1516980229264,1.18934357931383,1.12354201486182,1.12276642355572,1.14846268745588
"Arnaud_Epoux",0.50341334241145,0.497637150383822,0.705864611032966,0.52993017450564,0.534664703768304,0,0.626682867163271,0.697547325030711,0.429230962326005,0.470234941283117,0.619830589648659,0.78450693886974,0.515588388188651,0.506914484470978,0.611453311794796,1.17099520472654,1.01070726973135,1.15047759561807,0.993233590199132,0.990814255228591,1.17304716929381,1.03322927825823,1.202189739743,1.16546821600828,1.08027761766175,1.14331860812138,1.15835759402186,1.09048262465992,1.21392599247598,0.882865674189682,1.04592425169952,0.927613929990119,1.05118605550871,1.20692458680424,1.23133332279724,1.2430997510677,1.05615216430608,1.06479004460395,1.07494140279076,0.907540655337327,0.907359835896512,1.0364627269686,0.861664945402077,1.22245625630581,1.17798189005475,1.24423582255489,0.972720248065412,0.96336489755732,0.952002985834558,1.05515153617102,0.972393642784692,1.15768316849896,1.05395757450209,0.908981502693475,0.819133985631061,0.853181234431326,1.04162190853931,0.942138665224458,0.996880402094295,0.963477795848765,1.12261299525782,0.842292113145198,0.962122027847041,1.16703453179698,1.02016925771234,1.03768129257654,1.11146877377951,1.15393653370982,1.19571098126835,1.19962078344814,1.3342603074684,1.02643328059657,1.17715528215402,0.997014643963066,1.05172728035555,1.0285102556916,1.22771199905181,0.939390897642934,0.98857408774803,0.828805969267792,0.848007928856133,0.787553095320347,0.861925076481572,0.92035137374066,1.14926778181826,0.87230912914972,1.15534144796609,1.03459988916376,1.29152081967457,0.965449848231986,0.842078195139203,1.00374498945853,0.990296616074027,1.00714727699796,1.08507341849596,1.06705177726202,1.32143439468724,1.15381040551013,1.18052688528024,1.22184132579391,1.22448607753038,1.18010624588239,1.20139714188172,1.16796744087092,1.327053038409,1.22439315063347,1.21122510424589,1.23660091961537
"Arnaud_Fanny",0.598448663346019,0.550255420204066,0.806201360174747,0.68910147405924,0.567799425677094,0.626682867163271,0,0.687027325065295,0.656695863877449,0.655162407039912,0.593749815245691,0.746898522518716,0.750478005247136,0.625135398463209,0.60048236660401,1.07447539464022,1.11820686436661,1.06733218064402,1.03560244433432,0.962685045439955,1.01089679911208,1.17768411658685,1.22188813879866,1.1962683171511,1.20522217022216,1.03821234909303,1.11817036886284,1.10590025888572,1.14315136966576,1.20609133572054,1.2235892963957,1.15072666377331,1.01794425175954,1.0354356203058,1.09697224388464,1.14249726734875,1.10798299998337,1.16244389458588,0.992440260403422,0.956432693344609,0.913494249317334,0.967320975341477,0.914098475117877,1.06873323549642,1.10284395216732,1.06787008237115,0.918725023349509,0.958087392736991,0.824830611552433,1.12806077691266,1.005763347168,1.13222935260641,1.11064824554015,1.03775301781906,0.821967641909872,0.864818849267581,0.976702250559445,0.943791486355136,0.999150322369576,0.881136156688621,1.023124334056,0.945675919760776,0.889579480790928,1.1130392035287,1.09596329870021,1.13653602423319,1.1983708262443,1.19471752401148,1.0764671274584,1.14497430487446,1.1195376009874,0.904232352895498,1.06343070015188,1.05574847655602,1.05054934459692,1.11980618392956,1.04866377951956,0.953050108830468,1.05514678074299,1.02257795029515,1.02440248672791,0.979882631251369,1.00702204142644,1.0187303524685,1.18212879003496,1.0902975934228,1.13339910317834,1.2619540101702,1.15615124217038,1.10227664287558,0.880843519096155,1.0858031939146,1.04258179194045,1.00817320436382,1.02410185665231,1.05921154613196,1.12421840412126,1.07242431656857,1.1163235450588,1.13402586936578,1.08948371347608,1.07521143402731,1.16073887646341,1.1386510664488,1.06461639229279,1.13185063788366,1.0932941357799,1.07257088883512
"Arnaud_Julie",0.767486155590847,0.574354730227632,0.845015164012558,0.768423479344304,0.591177994595842,0.697547325030711,0.687027325065295,0,0.679775159333112,0.731839694773542,0.640313249972601,0.78704738555062,0.802296134722668,0.65661971599279,0.666812247867172,1.08809084098288,1.0832888097387,1.06484277159373,1.05130463598849,0.988349557927167,1.03896399643519,1.18566197011246,1.16241362682808,1.16874536112198,1.25627366084014,0.984657446824108,1.03958724291142,1.15008717281108,1.195234534833,1.03289155539246,1.07252187711695,1.09339847665056,1.07618570141744,1.17970001241349,1.13650266631553,1.13138644649117,1.03929559045961,1.11991130498901,1.00375220391958,0.954645481483033,1.01795823208062,1.0672928690143,0.983765844444723,1.09350802039907,1.10582899447756,1.02677648999331,1.03684716385483,1.07933714395223,0.999372205788957,0.991706191317378,1.01274147597407,1.1561114219031,1.03986595691678,0.941705248911291,0.827775959019065,0.742671869960294,0.96039474132969,0.902408562613845,1.09489817230119,0.943645235783554,0.937704497082614,0.955872114599561,0.898913116331896,1.16636810805219,1.12425179708577,1.00004838447749,1.11573765279443,1.16785032171218,0.975160602886008,1.1694954019893,1.1325974698336,0.874840679120271,1.23535906842577,1.05682565760659,1.07819870059789,1.0936166800298,1.01636051486352,0.91075760866658,0.892369405878774,0.973960055398315,0.985728863770675,1.06768527998257,0.916056217781369,0.93620533461688,1.00471104234582,1.00166212052166,1.02748210824196,1.07152940295053,1.15773652086129,1.0595808915281,0.939143077309204,1.02427464842295,1.02337070359701,1.01884203366843,1.09645219675626,1.0862612751532,1.16626386552009,1.07773159844226,1.08612361126751,1.13698635973646,1.05996005925198,1.11205533938916,1.16315154121513,1.11269699471276,1.10881192435022,1.16080409087163,1.08753985490937,1.08387002603014
"Arnaud_Lucie",0.557537258984704,0.543637685018374,0.806889744745839,0.57608653674571,0.662262854686405,0.429230962326005,0.656695863877449,0.679775159333112,0,0.612766572472863,0.637172712798347,0.813970697856684,0.551493883132638,0.652478088565102,0.617119611819409,1.11070110936001,1.15057626721785,1.1313601842378,1.0412408895079,1.00050655498826,1.10336228455028,1.11047008563096,1.20724725099944,1.1807430890708,1.12315931126805,1.05865342064726,1.10160269596786,1.13519884508224,1.17756907197572,0.992344610775775,1.08667219512655,1.05139770329525,1.01788784609732,1.16940186567464,1.2354587423818,1.21173984009707,1.06287263522121,1.03826549022113,1.10058478448726,0.970584890756448,0.944790571819137,1.07142988388387,0.908542781471646,1.15775187341269,1.13918458104167,1.09552647598069,0.928307394393763,0.952184872226215,0.872356198009615,1.08986926754416,0.960538113323113,1.19356188776827,1.05844051573378,0.956619852172118,0.748988448011815,0.860835972900545,1.0509170657212,0.941038843512537,1.05638895123422,0.915494276962745,1.07972901885901,0.906849531216407,0.963066681223068,1.15481398375911,1.09792845732063,1.07972308000873,1.16940873763489,1.19867098050611,1.12071073091995,1.18232674392816,1.22109910714694,0.915298786111762,1.14818029163292,1.06176580796109,1.04918120262726,1.07854579146061,1.14918328727483,0.920223442250936,0.953299891338226,0.899110116713386,0.895189004010812,0.873847441654865,0.860967734063094,0.991868944277409,1.16878050814325,0.98222640795693,1.10079917809727,1.1316203543235,1.22359604834443,1.06296248653591,0.865122801110232,1.07540934405776,1.0400471904206,1.04809669257188,1.09951571106934,1.06262218430705,1.25030917996049,1.06775227542857,1.09372267434207,1.21290855906375,1.15221826169775,1.17786378005304,1.19206444198045,1.1761824648324,1.2108559999661,1.17173632079516,1.11503772954861,1.15550001114729
"Arnaud_Matinees",0.55488477653835,0.610108308023946,0.821659395433125,0.654784902624477,0.697193414321598,0.470234941283117,0.655162407039912,0.731839694773542,0.612766572472863,0,0.61923691930597,0.729828639010563,0.544008844277856,0.672494696983403,0.594261311283087,1.17474300319431,0.965402946839362,1.10695248513589,1.03886316868592,0.905902899928421,1.06662552729719,1.09611193195498,1.16061375916743,1.1107439120634,1.12876307544829,1.11120318041529,1.06434026584921,1.06338200982272,1.08050573018815,0.849971556221064,1.01377362003528,0.955951235487778,0.97264297333545,1.15676629368608,1.22742577087018,1.16364130936316,1.02689269840922,1.17574568515371,1.12098286645735,0.905527907804669,0.949812160699271,1.02780989879481,0.923723465989648,1.1789384700737,1.14968370593762,1.18803368472353,1.05117177943396,1.05625394227187,1.06879120858988,0.951445396201021,0.949643628906767,1.09096202499102,0.956498349581511,1.00560459342024,0.902338068194099,0.962780282165664,1.08552137357207,0.973345263595642,1.06742767368867,1.10880799087114,1.13116296653727,0.989014077345601,1.05656209759216,1.05360647121739,0.991938259928139,1.00661303197696,1.03898523547644,0.979599916238057,1.01014964945347,1.21953208092158,1.18621779927155,0.961981636834921,1.22979896481155,1.03659199091266,1.06734270134682,1.05215544601776,1.10819658553211,0.882058925248594,0.889711218962069,0.844132431775648,0.860805863603772,0.853400463322815,0.802813654985425,0.782104150586911,1.10983275811113,0.983879743399021,1.08778005926195,1.08555843275345,1.21060792670982,1.03984844867948,0.878094328317746,1.05696268471766,1.03299781952798,1.00752112444737,1.16967130217537,1.07342042103334,1.30767350923339,1.12776162947511,1.17971767607303,1.23354343382682,1.21286673793121,1.22499611828386,1.19635538284964,1.14733262691769,1.27241362401968,1.24689631087521,1.11229190192868,1.20367017230023
"Arnaud_Nancy",0.605029847397911,0.544543373303639,0.834467831608001,0.712443759480995,0.718758279656659,0.619830589648659,0.593749815245691,0.640313249972601,0.637172712798347,0.61923691930597,0,0.734381941290479,0.658266422826936,0.721939781735439,0.654649242843156,1.04673084800493,1.07902913294719,1.03645318526354,1.06549656564207,0.976858929290705,1.03011717436954,1.1000954816015,1.18474482889414,1.16717303344735,1.1945785460887,1.02317229327011,1.0683121952237,1.02109706774659,1.09119457217038,1.04538743909791,1.07657232521419,1.08922101363444,1.01023852215426,1.1588857006932,1.20286553536738,1.09579446181588,1.09603673125418,1.11063106838662,1.08562298222016,0.920639700477246,0.95376035319929,1.03312192211336,0.970161207665105,1.08155376428873,1.12064980324161,1.0969559874818,0.969707090578166,0.998127726083443,0.939514271531791,1.07634129266282,0.975730403399654,1.1818427680384,1.08773763371834,0.998357754544529,0.850315710937243,0.859885887024291,1.06093081367952,0.916779908653965,1.05576519325147,0.997275968522113,1.06561719893008,0.947440770298477,0.974069651469647,1.20526415891999,1.12894517811942,1.01146192594157,1.1111903202591,1.13754782754025,0.976003376339742,1.14530940043752,1.14438456647937,0.822163153102893,1.15820529824077,1.13961110248908,1.12952362401498,1.06906992507104,1.05834321925143,0.864981804806063,0.837734297219653,0.957298842281987,0.947059475441787,0.993890488491657,0.844803269445989,0.927372168326391,1.12861792994487,1.09743870014003,1.01720804935528,1.16030020683122,1.18744907208848,1.15009683434177,0.891228722960201,1.13986103721463,1.12723830297569,1.12312467747166,1.13648515585865,1.09160799397017,1.20857508677278,1.03659180391903,1.11370497351522,1.19488182192484,1.09142659845969,1.16548460514173,1.16483156843182,1.15904442206091,1.10378035873101,1.16172677324586,1.11686900562314,1.13953646571273
"Arnaud_Sargines",0.734508046435716,0.725502465386523,0.890835059392309,0.742045866994272,0.831135260959952,0.78450693886974,0.746898522518716,0.78704738555062,0.813970697856684,0.729828639010563,0.734381941290479,0,0.766301055644616,0.767568284601499,0.662196759504769,1.07765889081302,1.08790108067567,1.02171018249803,1.04960260484325,0.890584917699006,0.841843467164903,1.19359754491782,1.13940182826397,1.18936023549072,1.19803884561941,0.989633121710078,1.05659931312444,1.07757713470733,1.0579482997082,1.07027512388748,1.14727038872192,1.18725234415841,1.04278327092756,1.02971468281472,1.10908557513118,1.07288493618301,1.00201019561196,1.14788753623825,1.06421627997039,1.04973174229831,1.01045569204727,1.0390812970076,0.9468806349404,1.03879025765353,1.04869643274467,1.0679462541324,0.878302644571206,0.980038311619197,0.810788546172689,1.07405644382842,0.929731717452112,1.1828769236702,1.10349207705889,1.0198026767884,0.859659243340927,0.900815592695011,0.908212039542032,0.935491898186738,0.970454454508935,0.834138689699816,0.924505871998955,0.924080775521183,0.857637226237596,1.06909231557727,1.08124030175071,1.05502163849327,1.10347178729402,1.11048742900896,0.948425585436322,1.11014823460929,1.05308190236956,0.773487935268874,1.12020322020625,1.14359789718069,1.1604053452193,1.17819914929118,1.02396241366462,0.967128393404286,0.939697320470286,1.01083752866217,1.027228851871,1.06278352762381,0.941930868270368,0.969824118204013,1.06047272003253,1.11361581569558,1.03463874571432,1.17564542146171,1.13139904196004,1.16895721939292,1.01422209397189,1.15722823915597,1.17260787044715,1.0654704571464,1.07763729128195,1.11959872610924,1.10865165083073,1.03570889230951,1.11699784357076,1.12805187983295,1.0580796042613,1.11434809062949,1.15617533931019,1.12625295441171,0.983826187987432,1.12324246455086,1.05744569204613,1.01806396113245
"Arnaud_Selicourt",0.530119622606306,0.652810109913455,0.79253640035946,0.59361030479904,0.683137501559357,0.515588388188651,0.750478005247136,0.802296134722668,0.551493883132638,0.544008844277856,0.658266422826936,0.766301055644616,0,0.718449803944115,0.656035233704253,1.09976535554815,1.04978104753159,1.08427372582148,1.00008494127501,0.936395992409695,1.06710762237714,1.03093542626159,1.15453898915154,1.11322039590624,1.12155653982193,1.06564780280956,1.11645040183994,1.14391769725664,1.08887988786588,0.899462731365538,1.03849781560568,0.933889474893353,1.00577292720437,1.13312032024546,1.21459876314067,1.14554045652196,1.07188667695547,1.05677399116252,1.1828640425517,0.934899483665804,1.0079375854395,1.1392876590899,0.981419333940808,1.14318774875109,1.13441568050026,1.17326542851447,0.968045529911833,0.99175783032135,1.01526410394259,0.959846233788266,0.956679198119532,1.128858392043,0.969469309970097,0.92931802733068,0.877021624899468,0.908639473528535,1.08915884978478,0.874065643532316,1.00768482526161,1.05333844472142,1.14305000961261,0.962546954663742,1.05426943179402,1.11697599578142,1.10203095406564,1.00886081097843,1.11012169292553,1.11833650310652,1.07806043440074,1.18436217068957,1.26340008570445,0.983023901685646,1.18529245269805,1.07403681570318,1.06807259502858,1.04221231648285,1.23520226734292,0.817571977406027,0.81198996415481,0.787102120699507,0.738176297352956,0.776371765794735,0.8004645063831,0.830895000059358,1.15537155200295,0.960661784637204,1.12212545622439,1.11609028314482,1.27688047530233,1.10145091266804,0.947296933252559,1.12763356316662,1.12901243327888,1.07866519184629,1.14624441988146,1.05612381993292,1.26988846861841,1.09274412939049,1.14679009466396,1.22586756536625,1.20044072129225,1.21780345291925,1.16125598021857,1.17194291643479,1.25278280333764,1.22638384926506,1.13165165996883,1.17873770380901
"Arnaud_Sidney",0.642974471185156,0.571766976986516,0.851555703960317,0.699055329609785,0.567090590613373,0.506914484470978,0.625135398463209,0.65661971599279,0.652478088565102,0.672494696983403,0.721939781735439,0.767568284601499,0.718449803944115,0,0.552135101031801,1.13301904573489,1.07193600270362,1.1007810166003,1.05988403965431,0.989586568686678,1.07503246986084,1.14442470911896,1.19716431445595,1.18169250114952,1.20927495916155,1.10950225959566,1.08683369437139,1.18443595939277,1.25220813627964,1.06679857055609,1.20126720874516,1.13756516798709,1.05087008909527,1.18417822309816,1.1564774485046,1.22302420998599,1.01737315319078,1.18024031815572,1.01357425586187,1.02000221024838,0.970432374880928,1.01251643926386,0.922017231656928,1.15546127298363,1.11997682312222,1.10834459988338,0.910349283419141,0.906270218685723,0.836489523043759,1.07140481574483,0.983643079078681,1.14440795878509,1.09425928494659,0.831979772654848,0.785017855646077,0.738849017648913,0.892903982985608,0.976585665401713,1.05920410528763,0.839746416556551,0.844899351214851,0.900085604252749,0.765364649753105,1.19731182782659,1.15467954640386,1.09470590162443,1.18139552618664,1.24665753326792,1.14385548174517,1.14620422783969,1.16006703176579,0.910571018955004,1.23312345493843,1.08330400170181,1.1498994066844,1.1570211791379,1.04828784442145,0.966131468220198,1.04432785658389,0.951248527559216,0.95403597625812,0.926496482738342,0.947404480178448,0.956079316191619,1.05872062010358,0.973815434415389,1.1371052231695,1.05368208164988,1.22834120496063,1.04745489196157,0.977777794915043,1.10760226437416,1.06086340886051,1.01476453631191,1.0478100448743,1.0618118048463,1.14533092101333,1.1179205660502,1.05618006849895,1.03964896306998,1.13280685436643,1.04942575785903,1.0813588011379,1.12970825714103,1.13300316290583,1.13430569275091,1.10790194465447,1.10924869550855
"Arnaud_Zenothemis",0.615249593732207,0.576476682974696,0.966419081417181,0.635573444271958,0.609326069128811,0.611453311794796,0.60048236660401,0.666812247867172,0.617119611819409,0.594261311283087,0.654649242843156,0.662196759504769,0.656035233704253,0.552135101031801,0,1.14620093021698,1.05317370447654,1.02497312535027,1.0843838336841,0.905161103337432,1.00151642259492,1.23121113755119,1.23162983264899,1.20766431801289,1.28975187918882,1.0954238361908,1.08002499680023,1.18430083356176,1.20913656033384,1.0207670311034,1.15961965139628,1.14021678320416,1.06317677002584,1.1798063295914,1.20591464293337,1.1491366385764,1.00705114737636,1.18972535799016,1.03696682519449,1.04041039794668,0.99869099502173,1.13211178341419,0.958202355198367,1.16242865674751,1.1061443069092,1.15234798181346,0.890677046401757,0.960606107376638,0.831090847271218,1.08743935589267,0.933223564733065,1.23188896476516,1.10083672233104,0.96919767146513,0.769775900267038,0.743037954840746,0.846061266716775,0.98564571652193,1.0914876892517,0.783460212486147,0.847993546095762,0.927012486057468,0.767516470373453,1.2299032431665,1.14610456944354,1.15507723730327,1.21393329032887,1.2237984026294,1.08672345641922,1.19751289779589,1.17064090753695,0.776797890065439,1.23257587366083,1.09901888008494,1.1654028525796,1.1743970227988,1.06310768521085,0.917432499672344,0.949518446459339,0.99804535833705,0.99161386876066,1.02715012289792,0.879702498193138,0.964558698936028,1.03586015827209,0.999391803367604,1.07128273922844,1.09266277598494,1.22325000259695,1.03525701571842,0.888356938448507,1.09180109011822,1.03888046629833,1.0025398511761,1.08771859390535,1.13284703932393,1.2283264923003,1.05949675391393,1.0365828565229,1.13019988865855,1.12854094606344,1.0485338108376,1.1655174578388,1.11328270328178,1.11017497383259,1.15186227126372,1.06142522065161,1.12952425350791
"Beaumont_Belle",1.06820737048222,1.12219749577145,1.01143615931977,1.14747737901866,1.11004129863318,1.17099520472654,1.07447539464022,1.08809084098288,1.11070110936001,1.17474300319431,1.04673084800493,1.07765889081302,1.09976535554815,1.13301904573489,1.14620093021698,0,0.937796009201401,0.755589071670172,1.05328543662319,1.08687025878277,1.05228886259603,0.84126345096951,0.917434580712729,0.940399228997561,0.915653844433735,0.92441630712947,1.05387634755559,0.90188699883724,0.845392169365058,1.14109518126125,1.02316708213086,1.05068981605797,0.96800008457469,0.905236304448939,1.03375783864372,0.908848278408,1.11937768312899,0.918861392820541,1.09763031324969,0.950829066175193,1.0155454954573,0.91673449246693,1.00720895917077,0.969478287677466,1.03865911442184,0.901675441912849,1.00662162963318,0.924320007281824,1.09511387725911,1.04904623108642,0.932561783437468,0.841040604840233,1.00732979500425,1.1126204883448,1.07805316587198,1.14538419848452,1.12417504894905,1.02390974505799,0.923549662280432,1.0831623286607,1.11121730559273,1.02988260100651,1.10345924172448,1.04779847413749,1.08543202485204,1.08039582657933,1.00933510816477,1.05383553081944,0.999403457861209,0.947441588750889,0.944207229684878,1.116439171852,0.88774707252752,1.07324848043226,0.990534787435218,0.917197513195911,0.89254717577382,0.932453232786673,0.998664687352382,1.06053355712733,1.02422923408009,1.02156176646523,1.02491299167026,1.07836837787805,1.16865717613711,1.21447149989208,0.954028451441285,1.12834229575678,0.92232037135945,1.11363737732059,1.10870920788848,1.02691020109555,1.1030870737489,1.13885619043877,1.04138103761458,1.00416565029298,0.828338973445882,0.881276828830721,1.00846630214272,1.04557836198798,0.911188909295569,1.02497687506849,0.989034441277014,1.05928219235972,0.900517595263628,0.980967229038555,1.00279417751566,0.94530465234048
"Beaumont_Clarice",1.0899282905983,1.07788199659371,1.14652593975104,1.04885127613538,0.985844661083642,1.01070726973135,1.11820686436661,1.0832888097387,1.15057626721785,0.965402946839362,1.07902913294719,1.08790108067567,1.04978104753159,1.07193600270362,1.05317370447654,0.937796009201401,0,0.942093748881706,0.880571892944078,0.97344940274452,0.996230069833474,0.861036265158204,0.880323924984386,0.91806581472947,0.844094579491777,1.01671640911204,1.01355832004742,0.927600682320261,0.922231693078198,0.869696871749456,0.970629123413791,0.894092118580229,1.04620139019303,1.00468874498302,1.06479028016291,0.983659721166188,0.994548209520574,0.906158073501565,1.07920940885889,0.975874549348193,1.00549125377679,0.933173727571387,1.01368189036631,0.989988649079654,0.987785876745365,1.06021953869808,1.06570746434183,1.07082369602055,1.16375115634648,0.867796772606389,1.02883146929566,0.768913899045178,0.876558511406686,1.10078226885553,1.1924997523296,1.15997207796662,1.04592793012822,1.12870470806394,0.989237510292438,1.18980909944841,1.08650253190414,1.08361667172288,1.18485562910185,0.985480113720569,0.933330226026809,0.902352619360591,0.903618651061051,0.863649215623095,1.00409212084695,0.998633028469712,0.994257800501641,1.11368716861536,1.06674165391664,0.88578205886747,0.846537714370467,0.920592714541376,0.87326640920197,1.03554876359961,0.993214693630619,0.917816153711054,1.00777891636647,1.00189270183106,0.938342792363321,1.01789717599548,0.984271918281797,0.924483221073184,0.970081274154075,0.933152034854397,1.02172765063881,0.808195571232288,0.944537456423854,0.824456972392037,0.906788316217954,1.02770634754359,0.976554174931465,1.06417654996591,1.02355359139431,1.08057838379518,1.01966399616892,0.956478514326261,1.06223721687984,1.02770935270877,1.0840610433684,1.01456067620516,1.06260999658219,1.00058109472852,1.08040513395815,1.11502089604652
"Beaumont_Prince",1.07740304400311,1.04685178693792,1.07031419461491,1.07172720905414,1.14113740862549,1.15047759561807,1.06733218064402,1.06484277159373,1.1313601842378,1.10695248513589,1.03645318526354,1.02171018249803,1.08427372582148,1.1007810166003,1.02497312535027,0.755589071670172,0.942093748881706,0,1.05104714455972,1.04386943773796,1.02793120009247,1.02327964594602,1.02442775439589,1.05999795298103,1.06171121542131,0.919319361465319,0.995168698925182,1.00444046682816,0.960720765613369,1.08374790629601,0.93897700436402,1.05914426695372,0.994228447395142,1.00689284003139,1.01608753339508,0.914148427427968,1.04113622305333,0.987921701385299,1.09255471278935,1.07623086763377,1.06034329594926,1.0491973302097,1.04371057320546,1.0277738828582,0.977432733366244,0.941805935197515,1.02272347984401,0.957715182742335,1.02275958647379,1.1107830995352,0.902444875849249,1.01031040236135,1.1282340380389,1.1142312894016,1.03087314537796,1.06268220045676,0.968372523274646,1.00182887245559,0.93698743019004,0.934215470833686,1.01692857801451,0.997297846782936,0.97712256991074,1.07368035371847,1.09526093137093,1.05229422806839,0.983318748279135,1.05943433845636,0.965017791825194,0.997921709149388,0.898247711213746,0.977194764998735,0.933528142322753,1.09955824478819,1.06648900150086,0.974009949546392,0.890999870303705,0.999338128983369,0.943958711596743,1.08908133656582,1.13490471469135,1.13649950642484,1.03375265588523,1.13885958192608,1.10162534662633,1.16361670189065,0.911163604455569,1.0958256771258,0.94412840290012,1.10367241838983,1.08836191210495,1.03487604881879,1.06956378943624,1.09055391968118,1.02924092593381,1.01644313947665,0.912441970479923,0.891309588784191,1.01323923845424,0.988193125642396,0.921925501809789,0.907896007555854,0.971216049726974,1.01862738075967,0.889999122922031,0.976971802782524,0.974945189596221,0.932788368611535
"Cazotte_Diable",0.977905043928022,1.08820857494189,1.07463034143289,0.937929620891143,0.953531485945688,0.993233590199132,1.03560244433432,1.05130463598849,1.0412408895079,1.03886316868592,1.06549656564207,1.04960260484325,1.00008494127501,1.05988403965431,1.0843838336841,1.05328543662319,0.880571892944078,1.05104714455972,0,0.71134247230649,0.676575195729068,0.966436023880327,1.0102574953702,1.05052711058722,0.971879639020047,1.06909831501895,1.10486622954814,1.10721685103712,1.09903655132689,0.996159783483677,1.04818447351399,0.94072927105667,1.04364115885416,0.950168800803306,0.984027781242303,0.971190774566885,1.10501605264146,0.843170122192337,1.06086645662915,1.05022349433567,0.957903187517022,0.904145672010428,0.937331413565055,1.05595521050517,1.07940758678679,1.03714527757749,1.02600956936206,0.932074340669799,0.972306520209058,0.948417786813962,0.909505956148848,0.963090471016152,0.958945674083121,0.976812173474873,1.0313677892819,0.988051167019513,1.10791471043433,1.05531450699955,0.948283727862871,1.09022416506792,1.08633885106835,0.882498782597321,1.01259718083965,0.92460032306376,0.879737077581261,0.871986004780017,0.852252192971202,0.866167380771203,1.02438092686703,0.767831689278712,1.04202187215675,1.04167152755444,0.936273360863281,0.982901242285023,0.969858187482547,0.921865288390904,1.11067857351522,1.02787283910272,1.05041635528617,1.01213590479953,0.98768636535236,1.00094657642138,0.919114728883265,0.950282168843982,1.03848381294986,1.01395661014466,1.06767922954395,0.923696890267369,0.989558355470149,0.945116132510576,0.992446025381849,0.852875891507882,0.884687911639056,1.0464088332069,1.01084720047197,1.10179896778414,1.06041723584093,1.08505341846155,1.09839727541166,1.14423333279542,1.13716859298587,1.09445633253233,1.06499185411295,1.01915098642009,1.06382568755228,1.00464406492697,1.0696546906923,1.00658675048522
"Cazotte_Honneur",0.920372828199475,0.968408811319167,1.01303916009812,0.922050622411896,0.974923084409457,0.990814255228591,0.962685045439955,0.988349557927167,1.00050655498826,0.905902899928421,0.976858929290705,0.890584917699006,0.936395992409695,0.989586568686678,0.905161103337432,1.08687025878277,0.97344940274452,1.04386943773796,0.71134247230649,0,0.623995544348672,1.10067503922099,1.01608380359281,1.11707232005065,1.14929481055249,1.05354282165314,1.04695410365808,1.11448084926913,1.08237389555184,0.993766337141583,1.10402477802409,1.0529713267175,1.03602253097274,1.01088621000077,1.01770645669338,1.04619038361845,1.07273547316291,1.04214993234576,1.03539225212146,1.01543343834866,0.914152663797864,0.939008474793702,0.890698287702856,0.986147225837803,1.04891070426539,1.00695796006526,0.963058618488102,0.952921781954743,0.900951814911324,0.935184662311875,0.938824609587537,1.06016032594653,0.984090640202922,0.996379664999235,0.927459703530364,0.950659795623701,0.966661055288569,1.03990293289553,1.04624080033531,0.954905872535828,1.01910862520012,1.01256858422092,0.955549998304945,0.868685935465591,0.990072313392284,0.995551329883279,0.986067029891819,0.948130184354694,1.025711735756,1.0684946009312,1.048315839292,0.891612043197447,1.0693546120225,1.01577197510904,1.0479829761979,1.11718602578994,1.07646631577703,0.948855142819106,0.928883320628781,1.00951755116387,0.971654494637044,0.987381469123883,0.934868819306793,0.937871809452882,0.969754964525086,0.983304940911462,0.945433193061278,1.05673396096743,1.00628764530525,1.0196199064562,0.912342822892064,0.992610978520088,0.992050502740644,0.994061640890496,1.06086280918984,1.16045395016482,1.10934064144371,1.09063026861456,1.10735890767848,1.1335351040962,1.08973630994114,1.11516217507351,1.07011869743174,1.05442436016497,1.09169969382985,1.12983130742446,1.08503003850981,1.02223825786524
