"","Arnaud_Adelson","Arnaud_Anne","Arnaud_Bal","Arnaud_Batilde","Arnaud_Clary","Arnaud_Epoux","Arnaud_Fanny","Arnaud_Julie","Arnaud_Lucie","Arnaud_Matinees","Arnaud_Nancy","Arnaud_Sargines","Arnaud_Selicourt","Arnaud_Sidney","Arnaud_Zenothemis","Beaumont_Belle","Beaumont_Clarice","Beaumont_Prince","Cazotte_Diable","Cazotte_Honneur","Cazotte_Ollivier","Charriere_Caliste","Charriere_Femmes","Charriere_Lausanne","Charriere_Neuchateloises","Charriere_Noble","Charriere_Observations","Charriere_Ruines","Charriere_Sainte","Crebillon_Atheniennes","Crebillon_Conte","Crebillon_Nuit","Diderot_Ceci","Diderot_Jacques","Diderot_Neveu","Diderot_Oiseau","Diderot_Pensees","Diderot_Religieuse","Diderot_Supplement","Ducray_Cinquante","Ducray_Coelina","Ducray_Soirees","Ducray_Victor","Duvernet_Devotions","Duvernet_Guillaume","Duvernet_Retraite","Florian_Estelle","Florian_Galatee","Florian_Numa","Genlis_Adele","Genlis_Chevaliers","Genlis_Emigres","Genlis_Meres","Loaisel_Ainsi","Loaisel_Comtesse","Loaisel_Dolbreuse","Marmontel_Belisaire","Marmontel_Contes","Marmontel_Dejeunes","Marmontel_Incas","Mercier_An","Mercier_Jezennemours","Mercier_Songes","Nerciat_Aphrodites","Nerciat_Doctorat","Nerciat_Etourdi","Nerciat_Felicia","Nerciat_Monrose","PigaultLebrun_Adele","PigaultLebrun_Enfant","PigaultLebrun_Kinglin","PigaultLebrun_Metusko","Retif_AntiJustine","Retif_Paysan","Retif_Paysanne","Retif_Sara","Retif_Vie","Riccoboni_Ernestine","Riccoboni_Histoire","Riccoboni_LettreJuliette","Riccoboni_LettresAdelaide","Riccoboni_LettresFanni","Riccoboni_MissJenny","Riccoboni_MylordRivers","Rousseau_Emile","Rousseau_Julie","Rousseau_Reine","Rousseau_Reveries","Sade_120","Sade_Aline","Sade_Crimes","Sade_Infortunes","Sade_Justine","Sade_Philosophie","Voltaire_Amabed","Voltaire_Bramin","Voltaire_Candide","Voltaire_Consoles","Voltaire_Eloge","Voltaire_Homme","Voltaire_Ingenu","Voltaire_Jenni","Voltaire_Micromegas","Voltaire_Oreilles","Voltaire_Princesse","Voltaire_Scarmentado","Voltaire_Songe","Voltaire_Taureau"
"Arnaud_Adelson",0,0.633204009469509,0.855722272038166,0.686163628903661,0.721140061172612,0.572243841342561,0.650145091750035,0.775208487999145,0.636801917314801,0.625524151209894,0.678038417078181,0.785105025599999,0.622307082448735,0.697630364759202,0.687199878914998,1.0495130556234,1.08764928336879,1.04968971892588,0.997406696744995,0.94384634590209,0.945376679417892,1.10961590339051,1.15177745748985,1.16904273065451,1.18619004009003,1.05421195272496,1.12257475755569,1.10347742125969,1.17462981185234,1.04974445346211,1.12191919031456,1.07672998011885,1.06069900474086,1.12424845767328,1.15406971712297,1.16609200412762,1.0866496920272,1.07241243125147,1.08713117213132,0.977507878009497,0.917543818810523,1.01262717614419,0.857524943820796,1.16693742681497,1.12834889190558,1.11615442515269,0.89657451161003,0.924005773290596,0.89134321144964,1.09431420105517,0.93570111520272,1.14680513276168,1.04852375307992,0.977762319679721,0.758278098320058,0.900812259758719,1.03836795213131,1.04132297683022,1.03999007447387,0.901393597410414,1.06421320680396,0.879141793447514,0.934072208668969,1.11210695773466,1.07608353289054,1.06235825208041,1.09066928815945,1.11241636540006,1.09773014799174,1.11383193544065,1.17067929973505,0.895428710880882,1.12286160273135,1.08807302296351,1.10618516522188,1.05421903250749,1.19073969457558,0.953229869954039,0.985264838643734,0.919931245978284,0.929533205553503,0.958589484136258,0.903859798348293,0.970275956523285,1.16418008061544,1.017363222914,1.13724332109681,1.08202946539106,1.13813845156105,1.06282932377711,0.870443291562705,1.03111203912236,1.00092638458131,1.06846642998635,1.11472584974076,1.08685365996514,1.17375651388873,1.10194184100297,1.13704464484104,1.20825162173529,1.10748489018442,1.14580444485331,1.15182964038368,1.14723509450928,1.1450775106959,1.14726760204585,1.14645386869767,1.13059799182897
"Arnaud_Anne",0.633204009469509,0,0.939027226475845,0.70178964797595,0.660213584618142,0.586454075389814,0.610001566131429,0.664017234758033,0.641588511245715,0.70453426497017,0.655242459161606,0.813622372705346,0.721475719591769,0.625486742492889,0.702517773600572,1.07544674058518,1.05293278448613,1.01591813190805,1.06908323026737,0.99493693925858,1.02136082272747,1.11603461659724,1.13058295177443,1.13731942856399,1.15580902133567,1.052200908657,1.11801315653778,1.07876656927013,1.13729628355365,1.0385628224569,1.1249150661814,1.09175568560437,1.04485161180454,1.1160107511658,1.15507539642001,1.16624624022795,1.07573317599277,1.02988374097628,1.02401943256341,0.967541013464616,0.963251748401008,1.03223073357702,0.911702835739269,1.11962194493474,1.09384179041914,1.0736261169412,0.922682326335237,0.973320155269097,0.870670153973835,1.0976933800561,1.03644087270675,1.1762014579446,1.09541224012135,1.00217510948873,0.740328222736264,0.857866657070424,0.990682647928676,1.04166043672014,1.06585356904627,0.91189487354805,1.03156252338255,0.913291699913573,0.890372498831649,1.15748963229325,1.10900772835803,1.10161005152002,1.18530239341377,1.20007557190533,1.07539581683106,1.14875892171433,1.17473522829908,0.905768671126855,1.16276673364999,1.10622959734351,1.11676086095735,1.14766336249652,1.10067992121533,0.958827705508691,0.974642278009626,0.963609349756061,0.98970099023011,0.966054513584431,0.901483810569286,1.01172922858763,1.08278253762651,1.01378796973369,1.07929482096675,1.11074486013693,1.17287553623667,1.06817917011307,0.924948590084356,1.0778892729337,1.02294161772391,1.02762545197628,1.09018965768501,1.07738461433827,1.17392751754476,1.08320485763025,1.09689550654294,1.14615336798864,1.11554148213732,1.09448708010584,1.15144132900496,1.1164801341004,1.17889797316032,1.15464139783193,1.10129745470726,1.11405751729032
"Arnaud_Bal",0.855722272038166,0.939027226475845,0,0.878768606506811,0.913825848243871,0.754618798324468,0.831834785565358,0.906432836072294,0.830067705187986,0.860906377384883,0.892177347028646,0.925914426832001,0.82892608625525,0.882107790302998,0.985927659132336,1.00679978315652,1.10657186379249,1.05116651768184,1.06562011142567,0.996679549757518,1.06354016491226,1.09529265573693,1.05108041075797,1.08552215652832,1.0790640555621,1.02700012542996,1.04562828399323,1.07132642639755,1.06246272846034,0.985100272804854,0.947502942448755,0.967083963028607,1.00995372493151,0.998490709798279,1.05647792721124,0.966474360731237,1.08034079281639,1.10379293067242,1.04585264291851,0.97149929351589,1.02106392130247,1.04331650116764,1.00894621424782,1.04647814879016,1.10085399397258,1.03101211502722,0.997075350506216,1.00675597544384,1.04726339377763,1.04806218956407,1.02074976187769,1.11985812703765,1.05797705584553,0.99229170622248,0.986299441847339,0.978700502132786,1.07535444894078,0.870321599647275,1.03297972460866,1.02999973981018,1.11339616872193,0.96265380696238,1.02357799918449,0.965416318841051,0.980728849349112,0.935909826652184,0.909459016779548,1.01993843380897,1.00564508800108,1.0774407463394,1.055742353065,0.96483287689315,0.95902952579697,1.01023556268524,1.03394295375473,0.966593123484141,1.08459860815716,0.936764898086047,0.900130013894371,0.983346011395413,0.963329657202477,0.891260913915193,1.00166131255268,0.985344145114329,1.0802510825013,1.00331865236107,1.01405807009446,1.07876088826725,1.01354833271704,1.07347130324066,0.967171923164411,1.08144897442648,1.05268210155825,1.01395124968308,1.06529790851845,1.04392914527442,1.07739535526125,1.04108997427758,1.09500642776556,1.10396713973948,1.02655405324364,1.11496499332312,1.06463429652644,1.10649238289747,1.08036653034477,1.13309521046854,1.07309125646885,1.08884389670243
"Arnaud_Batilde",0.686163628903661,0.70178964797595,0.878768606506811,0,0.757893918099751,0.629115188311608,0.7545128670898,0.79686677998456,0.616484953319249,0.691409940411583,0.77003968039569,0.797195212357393,0.645680731991882,0.705513696136504,0.687851554092791,1.1163211455047,1.07117919089254,1.05249028425358,0.964315839534764,0.925933899147894,1.01152324542783,1.1179514919413,1.14265755640753,1.13105682951286,1.15137465034253,1.0211372769509,1.06845615135917,1.10151758300197,1.18074346066866,0.935638658868971,1.04423252502509,1.03371158475299,1.05309788158535,1.17108792576627,1.17535562805748,1.12592093465194,1.07599763098171,1.05677497928098,1.08001486398149,1.00543661765796,0.989976563763635,1.10588382369677,0.97550506734347,1.1053502901136,1.08952723718505,1.07852856735491,0.925973113865806,0.952419313755629,0.841107817896858,1.03563270289676,0.957801564500276,1.17160447174427,1.04397224272119,0.974693277427345,0.865764210221418,0.934149286855655,0.931605739601934,0.913336126785164,1.01954517726299,0.920969690143561,1.03565538121188,0.921502313397184,0.938071595033778,1.16133293000786,1.11440291123234,1.09810090581277,1.17687586521415,1.20180092201714,1.10159304349144,1.17930973683628,1.21060389230149,0.891468641775472,1.16454243225698,1.06907576557228,1.09486943552954,1.11514716796687,1.13278513725371,0.904482818656166,0.945490960324587,0.893250637636641,0.909427596027844,0.905439660317032,0.859917220630933,0.937483236105706,1.10647756015766,0.968035201919016,1.09310750695138,1.10892577209601,1.2213664338756,1.0819074468624,0.953256051900595,1.13167097175685,1.08243192306862,1.0514485598632,1.10830099307726,1.06786289906077,1.21070212377914,1.08257107320374,1.10677734223124,1.18415679369728,1.1667912795914,1.16287716139415,1.16807980187484,1.12992548112601,1.16679267622966,1.10253124291998,1.10372500871885,1.08093261897924
"Arnaud_Clary",0.721140061172612,0.660213584618142,0.913825848243871,0.757893918099751,0,0.618391571380685,0.682640096136404,0.679765539289321,0.748545194367626,0.742046078392744,0.758081090789268,0.884280923354392,0.722052349818807,0.673066697940743,0.763348075307142,1.09500711583745,1.01749618815104,1.11627933686881,1.00954002432754,0.989054809194451,1.0609840946193,1.08128020444174,1.12913824322841,1.12340405700787,1.11255996275352,1.07146115517241,1.11032134015112,1.0842580953953,1.17257102432797,1.04448699372485,1.15645774252827,1.05081370547984,0.998176766636677,1.10745940067904,1.15320923009972,1.15104177233685,1.07971153320888,1.04651324936329,1.05347749593279,0.967952681676464,0.993372808067046,1.02408241610842,0.928626216986115,1.12661596347946,1.10324787861439,1.09316485366644,0.965492354702356,0.95909221366144,0.929537130929288,1.02463277579471,0.983897401043601,1.0689486165345,1.01969493165226,0.972443201692536,0.904551619868088,0.859754657039102,1.00208982562202,0.963996667583837,1.02024261787341,0.966700054088328,1.02532423627177,0.897866409275232,0.928799601688477,1.14337785389904,1.05240441447608,1.03672319361564,1.09842601010086,1.12167187801454,1.12010674191311,1.10031230448812,1.20522294335807,0.999915947807062,1.10478183072959,0.996782699427206,1.03006213342563,1.02685323547593,1.07557720552879,0.947791349683943,1.00010507584996,0.922622360544091,0.956506479882856,0.914464675751911,0.894129019667233,0.950558557511895,1.07770064962455,0.92851727825498,1.13758565630369,1.04985167706904,1.18481111608841,1.03970012841034,0.955201760663986,1.01713451625597,1.02141087878418,1.03897675566976,1.07309101346367,1.06750733538,1.15487662778453,1.08753041565193,1.08984973591108,1.14737247015049,1.12824312661605,1.10870981820996,1.1377488700197,1.11352873037116,1.16997515530412,1.11104938969553,1.08885844740851,1.13915282695303
"Arnaud_Epoux",0.572243841342561,0.586454075389814,0.754618798324468,0.629115188311608,0.618391571380685,0,0.683583867186116,0.742268102110969,0.551007236048271,0.535036009570988,0.69573805149164,0.828148685197908,0.584885862426405,0.589299003969082,0.695947998699943,1.14206285610684,1.02735401653229,1.11263099066935,0.989475597310557,0.990502684705903,1.11734925502144,1.05584825239755,1.14158951779493,1.14100684944885,1.11511586947096,1.12070698534294,1.11954140041231,1.10140080543936,1.19397927708214,0.913830743015018,1.05382588360452,0.956868166694442,1.06431347379719,1.18363683456201,1.18594473057597,1.20249047443576,1.06546817840807,1.06963303243942,1.07045923843385,0.953750086368303,0.958584069778075,1.03461424662176,0.895534315393024,1.1919430060381,1.15135828117958,1.18247583892447,0.98195877034524,0.988119039033582,0.969073703078703,1.05136875221452,0.974788938576702,1.14268400908225,1.04322724839995,0.951990263664452,0.843923424597442,0.871998675387473,1.0250964274754,0.962085326256302,1.02999452293978,0.978999850786239,1.09973330825028,0.862702144925201,0.934651240212755,1.13182912972712,1.04109137132689,1.03640310874469,1.07481765617623,1.12686505397882,1.13972330053649,1.15234297342426,1.24223274228828,0.997425636522665,1.13985750629687,1.01448192977244,1.07484564313991,1.02767021742332,1.17465387959836,0.953092700796633,0.954124386823819,0.877092641572548,0.893425381776793,0.837465984041689,0.872955942085543,0.953465045826863,1.12156838873446,0.897095127629185,1.15584382098775,1.00363241010182,1.23099040145295,1.01231719111866,0.903431490247024,1.02966180380135,1.01094019441718,1.01263717360438,1.09105505761384,1.06188210984825,1.23763466432825,1.13362239008854,1.13484185351215,1.20073152900202,1.15490426384882,1.1646375398464,1.18709285167162,1.14628837759156,1.25805741784473,1.15740390905401,1.16191337198537,1.19028568348494
"Arnaud_Fanny",0.650145091750035,0.610001566131429,0.831834785565358,0.7545128670898,0.682640096136404,0.683583867186116,0,0.747039815799598,0.732540741619018,0.718921110649405,0.703147715340707,0.800915119159709,0.777139649573679,0.702933405348649,0.735302246659841,1.05293412044787,1.06769199451776,1.04426854434301,1.07349855723063,1.00131381451951,1.02360160720699,1.12328516403556,1.15982316862137,1.14645790188035,1.17732668175548,1.04174269172074,1.09773825791956,1.06266575415691,1.13876543658931,1.14869786305133,1.16724624111551,1.11731169638159,1.01723174345693,1.03765881275875,1.07119318688806,1.14380278717151,1.08654832806076,1.13227843452737,0.998475857047445,0.99358340478428,0.959862296434529,0.991252192992128,0.936794682047627,1.07250089503687,1.05335062279845,1.05021996521193,0.950535300971913,0.959795048271137,0.874811123782445,1.12272108025737,1.0325821041849,1.11937043918953,1.08741338778908,1.04904255937343,0.828797519593725,0.910747773961742,0.99184764317683,0.987205995713682,1.02455417655006,0.911199928945971,1.01999114048541,0.955865254424331,0.908277907108208,1.08123460277601,1.07561774051049,1.10998648572047,1.12331586661281,1.12926093104067,1.06590300851722,1.14607053573793,1.12988682473144,0.918788645321872,1.06207839823018,1.04957018365861,1.05576660655508,1.10678395152136,1.03756986157911,1.00097155528733,1.04127461150856,1.0613818544704,1.04415495087956,0.998001995319888,1.0126291056856,1.04868764859068,1.12151634613622,1.05516836495042,1.093050735545,1.15800524542079,1.13242610690846,1.09545695006913,0.919773317433892,1.0692098575356,1.03898122766574,1.03623400855556,1.05295141428808,1.04930226523888,1.10159571066637,1.06836881430761,1.09623790039199,1.10768036121803,1.04796088677751,1.07569113779734,1.1348316839208,1.08538084414301,1.05524682827714,1.08856317048851,1.08745338608686,1.07442842378646
"Arnaud_Julie",0.775208487999145,0.664017234758033,0.906432836072294,0.79686677998456,0.679765539289321,0.742268102110969,0.747039815799598,0,0.76334595892886,0.766905632217508,0.740424959460187,0.827181093681284,0.826334420294067,0.719314829033746,0.731244113582379,1.09790072143919,1.04316902367644,1.04374117978783,1.04659998267691,1.0045150727002,1.05442826047518,1.13754068568487,1.13277259793711,1.12284269673571,1.18675998863526,1.04266862964165,1.05948842099936,1.10365740548636,1.17017379804751,1.0305364360937,1.08199315502373,1.08352038628802,1.055755077683,1.15690606951309,1.08883656699352,1.1353137963428,1.03977061294272,1.09833421729483,1.02044401833355,1.00380131297506,1.03359534797487,1.07832653222554,0.994184215667135,1.08855195880016,1.08073621899388,1.01694846393146,1.02824936530033,1.07592975849335,0.988102102182697,1.00550475363382,1.0200947252848,1.12106108585829,1.02727504660418,0.952984445121263,0.836796793710578,0.794369611945151,0.953335789929123,0.928119894327375,1.0830197605393,0.970197372813385,0.947343191452769,0.941309152969127,0.914651521306442,1.10305860075737,1.08751943922415,1.01755782208453,1.09317128694551,1.09927315088199,1.01425391966639,1.14753822302464,1.12843458509086,0.927105573731901,1.18640157757778,1.03595906814703,1.06441714026906,1.0976364710969,1.02945559475871,0.929623783984399,0.94291745375972,0.948035182726786,0.989966703322087,1.02801268945802,0.952769897785779,0.954148726330879,0.981294589612461,0.971274281491383,1.05394729975826,1.02810165499119,1.11538461438071,1.05402797175441,0.952451426903558,1.03561534487293,1.01463815674899,1.00953937075042,1.07833261548171,1.07922949985559,1.14824417498184,1.07210947280085,1.07190868992806,1.11029631032343,1.09034778832273,1.08135655326274,1.12744278115371,1.09872548844501,1.11577049616563,1.14097850575557,1.04787304666633,1.09450647304442
"Arnaud_Lucie",0.636801917314801,0.641588511245715,0.830067705187986,0.616484953319249,0.748545194367626,0.551007236048271,0.732540741619018,0.76334595892886,0,0.654502727832749,0.739600916762026,0.863900377868061,0.570865987920945,0.705232418584117,0.714516846337188,1.083632078648,1.13999248230093,1.09468113799829,1.04897322767993,0.997723851870017,1.09340904397326,1.11703532782919,1.14803675674461,1.13533884377583,1.13145087816072,1.04174327768265,1.10077260733188,1.10408476909696,1.16020834715443,0.982065645668825,1.06500994891478,1.02260389935432,1.0298751569946,1.15689843806845,1.18592777407524,1.16679333960405,1.08979743776749,1.04764233244828,1.10869439593765,0.972963893319431,0.977546772241275,1.0783470426249,0.925630347627685,1.11225505179939,1.12568104034264,1.07530064612988,0.943515062153718,0.950990383766875,0.894880827783835,1.07396323715595,0.962095511209639,1.17468511780658,1.04483065729025,0.979934913313695,0.793674798353123,0.907671006736929,1.06504765818786,0.964892237974218,1.04289252841066,0.936398068497966,1.08232176834458,0.905652396889271,0.987392543193808,1.11756454972926,1.09904131128386,1.08612421108969,1.14079672298664,1.17442197964386,1.09483030769889,1.17957681004043,1.17650334538918,0.928057323030111,1.12784786056353,1.0797943502144,1.0692269982586,1.08703721860536,1.14913475211001,0.936131454279688,0.918890534126869,0.905714266734388,0.875735070992876,0.893517443642918,0.876029121658585,0.956538854639968,1.15548098248007,1.00669639023368,1.1033567908001,1.10393730292016,1.18389254907978,1.04915160524067,0.907803361461722,1.08668063777836,1.05466878018843,1.05114465220033,1.10663760664997,1.05117444146346,1.21215908339857,1.05298181348673,1.09248928125398,1.20378984002508,1.11560306684732,1.16780320623958,1.14480713102375,1.14307601420142,1.19124958860522,1.12302158618666,1.08038774664853,1.12926594451831
"Arnaud_Matinees",0.625524151209894,0.70453426497017,0.860906377384883,0.691409940411583,0.742046078392744,0.535036009570988,0.718921110649405,0.766905632217508,0.654502727832749,0,0.66051223458151,0.754969972458824,0.591005992034861,0.686745528802544,0.669642374393484,1.15742729108202,0.982694405027811,1.10251587733076,1.04769451446491,0.899267494114818,1.06613917249256,1.0991398991745,1.12484362499624,1.09373091360983,1.14696978865026,1.09485055873512,1.05271171047211,1.06862737521997,1.0982356578813,0.867676929808153,1.03224169091214,0.969548108223301,1.00621753738371,1.16210963227097,1.17845120470221,1.16185558218772,1.04594103313921,1.13333123721103,1.11225797088089,0.951112295116492,0.975556770051055,1.04750085137018,0.949652694212271,1.1452359056315,1.14013669018595,1.11406372372496,1.0427437260722,1.09112536102838,1.03240687678612,0.941166995545933,0.950072801499615,1.09511385648293,0.975226321326206,0.999637604117465,0.918497280795499,0.959675169270521,1.06143570648111,0.963416601347995,1.02236336939606,1.06318726857286,1.11627212100926,0.974845817883956,1.04315811372909,1.0532310530348,1.00751922365071,1.00187330181199,1.03433133891268,0.989021282665747,1.0011290547006,1.21164326178553,1.15774035443004,0.964244131084649,1.19085547836994,1.02874318437258,1.08723572185812,1.06433758861949,1.08283540448554,0.886859775210696,0.892491036524611,0.896430184678455,0.87125375928138,0.908791921189345,0.807912569864588,0.826506933377355,1.08609503826414,0.98388655174031,1.09817898945944,1.03876621570354,1.17300923926292,1.04630660462267,0.904320287138573,1.07324953464657,1.04489376830986,1.02330123042792,1.16181675850587,1.07928134859559,1.26461194470635,1.12645323704975,1.15242148377744,1.19689632803346,1.19165645176929,1.21147362774849,1.1774205488385,1.14830333183882,1.22804698769988,1.19610268666143,1.10112259176856,1.16279372992745
"Arnaud_Nancy",0.678038417078181,0.655242459161606,0.892177347028646,0.77003968039569,0.758081090789268,0.69573805149164,0.703147715340707,0.740424959460187,0.739600916762026,0.66051223458151,0,0.828757725339794,0.728831797983987,0.824457396540911,0.745642558968972,1.0528426843488,1.03364923019807,1.02711046722806,1.03437541476881,0.971665652714165,1.0334738548427,1.07977888751521,1.13464068841973,1.11535009614048,1.16623661729211,1.0076596970293,1.08667590385962,1.04304037805818,1.08430892862935,0.988025102233876,1.0581029276224,1.03404169889206,0.993824470627821,1.09531860204842,1.16316828603423,1.07765284555239,1.08134952339581,1.0647051879302,1.08197559653844,0.963878566476341,0.980794586162464,1.03318970429097,0.973712797240844,1.10710247392868,1.11423818980956,1.06411449968963,1.00853801307394,1.01996056027908,0.983469020416841,1.03053746417485,0.980034471795776,1.14151929814358,1.05159667991035,1.01833348681627,0.889255819686558,0.927071449891195,1.05229752737475,0.921884182466378,1.00887826218801,1.00830186042539,1.08020937218995,0.967475012633457,1.00533618132452,1.15161464446867,1.09017662780531,1.02051411873793,1.05900985755049,1.08625838231235,0.983617077292913,1.11238780625875,1.10979136461067,0.891135444232556,1.13571234269906,1.08107082191653,1.09233856686648,1.05474700153133,1.05966305108518,0.892269039941478,0.891228736675186,0.9499548093058,0.930394795944279,0.983782906794788,0.861348344395423,0.945002709878795,1.09932096750245,1.06426615926679,1.06746041351864,1.09598873295686,1.17364781253914,1.10260483647716,0.927119268446401,1.09551461476335,1.10978637757153,1.11319774235193,1.12413955492749,1.08910579078893,1.17960172140755,1.06542817641432,1.07592941205619,1.16804682233055,1.0684255592334,1.12456166847472,1.13217543640562,1.13267615230273,1.11229159181692,1.1336891176301,1.08313748027636,1.12263416545561
"Arnaud_Sargines",0.785105025599999,0.813622372705346,0.925914426832001,0.797195212357393,0.884280923354392,0.828148685197908,0.800915119159709,0.827181093681284,0.863900377868061,0.754969972458824,0.828757725339794,0,0.819487062469813,0.810481201781658,0.751209292928706,1.07527805011862,1.08070673316822,1.03429828240474,1.04717158721562,0.907291836749239,0.896800320955045,1.14009944221722,1.10294308719509,1.12222720543179,1.13316904350377,0.995996933379918,1.03461723644554,1.05234834024716,1.05134857346108,1.04921036758857,1.11359962740041,1.12365626109438,1.02367026026103,1.06069574075969,1.08189861952727,1.0750628057259,1.02035568781265,1.11884203130736,1.06246833955999,1.03995912595628,1.02450436834205,1.01843220326097,0.975428458545243,1.05570293107693,1.0557257826052,1.05068132345091,0.902597643046247,0.979478805500078,0.866954774904,1.04685578813925,0.96122196610301,1.11432762851423,1.05644661992252,1.00982642092099,0.918676478835612,0.945783104050992,0.93784403247658,0.927648092174335,0.99742895950918,0.897908896779331,0.936765016920146,0.946266795930461,0.897943093724242,1.0485594829681,1.03961782246085,1.04933371218506,1.05734092457052,1.06920072604496,0.976407734237361,1.06589058213953,1.04186518426936,0.848284818802099,1.09793799578609,1.08932093451521,1.11244040242977,1.12904522802669,0.988658226013703,0.987545323651694,0.965169950822209,1.01620540317425,1.03458172665713,1.04785364415883,0.967013581618673,0.98798062986751,1.04509452524884,1.05544108651845,1.0511321150554,1.11010478154144,1.10003143368494,1.12993681032771,1.02675605908852,1.15643135633995,1.1324952847957,1.05968201862965,1.09039360442774,1.08060725519702,1.07693845965293,1.0475196137138,1.10017394522346,1.11748223778611,1.06769539522586,1.08671188683197,1.12447492164422,1.11457529654139,0.999329441353675,1.09090325988876,1.06020923695586,1.04192843522158
"Arnaud_Selicourt",0.622307082448735,0.721475719591769,0.82892608625525,0.645680731991882,0.722052349818807,0.584885862426405,0.777139649573679,0.826334420294067,0.570865987920945,0.591005992034861,0.728831797983987,0.819487062469813,0,0.73713592151795,0.717393132727175,1.08958806296738,1.06610794611269,1.083240796888,1.01229780697131,0.958279134848503,1.0646679340872,1.07907111847194,1.12504252983205,1.09061763347888,1.12671345768354,1.05687383280851,1.1121931935952,1.10817533945747,1.11026522587738,0.893090271360298,1.01568292320306,0.937690167175571,1.02936168034197,1.14978325258588,1.19222102536797,1.1312183403661,1.0773345936276,1.04968171775107,1.12651859318248,0.972946500731747,1.01196652085845,1.12092772735247,0.995846673352248,1.11709327751906,1.10790386375591,1.11103255267148,0.970246646128549,0.996858669268232,0.990561928848142,0.959510303668736,0.966790317308514,1.12748379195496,0.996606708683758,0.956809659774409,0.887822869954133,0.912379936630443,1.08275758157041,0.912839815515537,1.02970367578068,1.04112010966111,1.12842976168761,0.953162071192087,1.03757016362742,1.10003183578503,1.1054182550156,1.01851942463727,1.10110356750401,1.10305590571622,1.07096625554034,1.19334175501091,1.19195450553657,0.960131933498115,1.17477150743263,1.08060173637964,1.10097367873928,1.06255451545631,1.1883425037451,0.873221508238345,0.848069759225129,0.850244141721589,0.805016093295536,0.833092051321278,0.840260208218806,0.879542484184769,1.12077279555691,0.973823262182973,1.11743591529901,1.09381575395597,1.21833859696418,1.08434089643408,0.951291402135774,1.11936240753881,1.10921825483823,1.06146152566647,1.13286072902248,1.04894742590081,1.223270616689,1.07872364244388,1.12757874859338,1.20942681340433,1.15651333626882,1.16939287321594,1.14761909533432,1.13988886612476,1.20876119197982,1.15451164527221,1.0825769366852,1.1442929063082
"Arnaud_Sidney",0.697630364759202,0.625486742492889,0.882107790302998,0.705513696136504,0.673066697940743,0.589299003969082,0.702933405348649,0.719314829033746,0.705232418584117,0.686745528802544,0.824457396540911,0.810481201781658,0.73713592151795,0,0.666759939397747,1.12622301442176,1.07891156883793,1.09989803953837,1.06700470220012,0.98474611191981,1.07086626621358,1.12773510263995,1.14982857193212,1.12449041948013,1.17889766924358,1.0881131182277,1.07968370521987,1.14592710572358,1.19792879984674,1.06799149307128,1.17341452278363,1.12731476514415,1.05284831613443,1.16320232214666,1.11993852453852,1.20015643998561,1.03265688615319,1.15620312884903,1.03805818197553,1.04270148787398,1.00005203504665,1.04124005302313,0.958870573969856,1.12145577158928,1.09010557279806,1.09256493888329,0.934067112982209,0.962631145209102,0.885384889192106,1.04853960111516,0.997102869989139,1.13262441071106,1.07209454656028,0.877589181933097,0.829121690839024,0.763466937009836,0.941403837822944,1.01175526283275,1.06465776015334,0.90506463164771,0.885147380245874,0.911003897336195,0.797500341705563,1.13524313195536,1.09945221345143,1.09561058553809,1.12515656321583,1.16755732024384,1.10050690006425,1.13355006282566,1.15851955928886,0.93027850598774,1.1714681997191,1.07486740363768,1.13025313936699,1.1335860873564,1.04388681614557,0.977128639110476,1.02637992101026,0.971330012915387,0.972741013470733,0.959060558651769,0.953548251443248,0.999151320765961,1.04274780307182,0.980389052535326,1.1161434871096,1.024372424321,1.17481105913112,1.04845572214745,0.994404959968013,1.08695844074475,1.03000787138581,1.01411123971407,1.03033071210757,1.06324533782608,1.13091559850096,1.09086223412145,1.04378220933775,1.058072228182,1.07795641475955,1.05115174736,1.08966136112777,1.11255837243889,1.12604669603289,1.08505962563756,1.07990337562318,1.1209024224686
"Arnaud_Zenothemis",0.687199878914998,0.702517773600572,0.985927659132336,0.687851554092791,0.763348075307142,0.695947998699943,0.735302246659841,0.731244113582379,0.714516846337188,0.669642374393484,0.745642558968972,0.751209292928706,0.717393132727175,0.666759939397747,0,1.13782105863332,1.0736986643874,1.04102125825836,1.07250826226137,0.92427223245015,0.997954578378026,1.17890166856048,1.1721669933679,1.17707628031557,1.22275232984585,1.0831443031391,1.06921778348559,1.12773901974159,1.18753401755687,0.997700985845569,1.12585229765421,1.10006010785532,1.03927855233124,1.18183554118295,1.15541775478536,1.14210868964137,0.994429244477509,1.14330306950914,1.02628159083649,1.04533363112623,1.01658767585383,1.11198667579365,0.965091429084692,1.10547602399354,1.07116831168931,1.10741471760148,0.949802820685171,1.00731689989819,0.842439185207415,1.08062243381127,0.958254859643261,1.20462806456158,1.06746777702477,0.946928454017984,0.805988604553141,0.811513891274707,0.901925400920544,0.986233035038645,1.06947703428744,0.817494874508508,0.86675128116309,0.919737086793128,0.808766122863984,1.16535911901412,1.11129201238353,1.07793394693178,1.17086079406129,1.16953320514283,1.06661007369964,1.16507500575092,1.13418858692638,0.825845976693186,1.18803791266364,1.08835034351291,1.14931215551159,1.15553269641678,1.07544824444055,0.965688062356084,0.989933656062662,1.01775890315304,1.00236447020631,1.02846849553403,0.923222660668249,0.957931524748291,1.0069943099719,0.98206792017313,1.04982254237573,1.04959756188992,1.17752931261566,1.0354862049467,0.923573577048265,1.05340358463701,1.00198882404096,0.995842981067315,1.07215663403336,1.10294356508611,1.17824012646147,1.07146233267718,1.0588587348371,1.11468136658303,1.11788809146065,1.07065035747972,1.12259628840898,1.07507128269385,1.06120752777495,1.13310895438206,1.05965666185642,1.09547820669639
"Beaumont_Belle",1.0495130556234,1.07544674058518,1.00679978315652,1.1163211455047,1.09500711583745,1.14206285610684,1.05293412044787,1.09790072143919,1.083632078648,1.15742729108202,1.0528426843488,1.07527805011862,1.08958806296738,1.12622301442176,1.13782105863332,0,0.961151796913991,0.785945237832704,1.04083676317702,1.08051647225946,1.05814175556253,0.87638822729752,0.927257237123527,0.92308666536263,0.918390420720012,0.940944831813029,1.00072245115441,0.924962018715178,0.871408189632125,1.13619014487383,1.01453447580141,1.04535466184779,0.991573145985198,0.90461308346891,1.01822156326162,0.937598571833394,1.09423377459359,0.918013083895323,1.05154712550153,0.989657522786543,1.03603184725743,0.966182310515962,1.02650915780067,0.960225157554513,1.01488579051226,0.945495807755143,1.00422529036677,0.942812485272292,1.07250354268931,1.05667968442226,0.991402369282826,0.88655462070654,1.019227268822,1.10042874463907,1.08042973869947,1.15016736590869,1.10582769292898,1.04499193350262,0.94552670167402,1.07782437316683,1.08774728610478,1.06367172897713,1.09520334540845,1.03686156512914,1.0764515759754,1.07574997510894,1.02553880993263,1.0727221940379,1.00582149003926,0.947230024225216,0.948235185461059,1.08617631133698,0.900404195397292,1.0432959932091,0.974894604004901,0.940100412166578,0.902281810166019,0.978242069630703,1.01713112993833,1.06636450054809,1.04343634428515,1.0323575355996,1.04015771503627,1.10522640335423,1.14674473225872,1.17791394620726,0.976158285200971,1.1110052559893,0.962598429815272,1.09168249362926,1.11128649619737,1.03605339399842,1.09714123452513,1.11646844262179,0.97876168537314,0.988607800412529,0.852108126747026,0.898290016890609,0.9684900175001,1.01189466561503,0.89406274293006,0.996880596915543,0.963724643033942,1.01599626078903,0.914807970478338,0.973209927233739,0.993958409654379,0.947465976340084
"Beaumont_Clarice",1.08764928336879,1.05293278448613,1.10657186379249,1.07117919089254,1.01749618815104,1.02735401653229,1.06769199451776,1.04316902367644,1.13999248230093,0.982694405027811,1.03364923019807,1.08070673316822,1.06610794611269,1.07891156883793,1.0736986643874,0.961151796913991,0,0.957353926956423,0.916876130241199,0.973020837640573,0.9943650381512,0.87461322992384,0.884704523439821,0.952766180561959,0.885680557570116,1.00973768398936,0.967061173148081,0.912027580355709,0.945750290440861,0.879526646401766,0.985772885031251,0.940493411851438,1.01062293109671,0.986130961745848,1.03085955968418,1.00875809765662,0.986102349399236,0.931635307167769,1.04182016344965,0.990606075224816,1.00720204805453,0.927892312825568,1.01816575861409,1.01648083668767,1.013786919651,1.03908932271314,1.07980595030451,1.07465933537228,1.14232053106483,0.893545183739321,1.05205094515397,0.796769485525355,0.933191241255867,1.10367817008642,1.15878454216747,1.14836455324423,1.00280559793352,1.1067740580392,1.00987245515368,1.15128947485576,1.05359945071607,1.06057008105436,1.15364380110573,0.979211864305593,0.989584703149836,0.925538603357422,0.945729052753659,0.895126888036193,0.986778443921035,0.975115942730563,0.955706095656883,1.08154415376121,1.07832826614478,0.902985431293558,0.877067478104877,0.966726153061613,0.858710912791984,1.00250909465906,1.00540720380785,0.941497842073869,1.00424663395651,1.0328428695931,0.925037685528696,0.983982278323367,0.947702395754634,0.929133468864911,1.00206949564539,0.94386267671852,1.02355708483529,0.887447385029553,0.983670920311678,0.873243485715693,0.950433463051007,1.0285148316999,0.98856993615111,1.0547468943613,1.00209699220388,1.07817893811381,1.01612802001625,0.89209618380034,1.0619486720732,1.03891402356202,1.05392257676087,0.98075164217896,1.06227936604854,1.00569531057395,1.06033340885074,1.07289420256843
"Beaumont_Prince",1.04968971892588,1.01591813190805,1.05116651768184,1.05249028425358,1.11627933686881,1.11263099066935,1.04426854434301,1.04374117978783,1.09468113799829,1.10251587733076,1.02711046722806,1.03429828240474,1.083240796888,1.09989803953837,1.04102125825836,0.785945237832704,0.957353926956423,0,1.04296921547477,1.04096284717056,1.02962261038226,1.02563950290381,1.04348669773761,1.06001062023225,1.03598586190289,0.969868761114074,0.986677444270028,0.98556367624867,0.966564782753528,1.072604105289,0.962910948284303,1.05070802829644,1.00320664874465,0.994136607431863,1.0120610512401,0.898582956482125,1.02425622061867,0.987843596933591,1.03713895877603,1.07814437110065,1.0495971378518,1.03963998154267,1.04126320953442,1.02023598223185,1.01845099030215,0.992635413208998,1.02279718725385,0.964850049772548,1.01237897682161,1.09135727311821,0.978057473003847,1.03037639557061,1.10161277015552,1.10037691874286,1.04232234863117,1.05171525756107,0.992976698687234,1.02872397291454,0.972770434762488,0.95812491421381,1.03145734551373,1.01376663308823,0.981765171313034,1.07586899721255,1.08651723363933,1.06004645109328,1.02108411574218,1.07239082745009,1.01195149891911,1.01039188604557,0.947705867083409,0.99340804631697,0.944457570440119,1.07564661984349,1.05487931824721,1.00512691134172,0.943908376017734,1.01010891444171,0.950661716892055,1.07041049313038,1.08973154047564,1.11256345347791,1.02960722954885,1.09424187464321,1.07974956363176,1.13967319743259,0.922712408620966,1.07841108360304,0.963095640962842,1.05516821856026,1.07479530199301,1.01260943030767,1.02256808721009,1.06867864000804,0.999038341892998,0.995689395133487,0.909690190349445,0.925250465784434,0.980375541453798,1.01282897099614,0.931299105071427,0.910708171690815,0.985147944725094,1.00034469318697,0.912306536864506,0.978155444185449,0.98584802722306,0.928805654350261
"Cazotte_Diable",0.997406696744995,1.06908323026737,1.06562011142567,0.964315839534764,1.00954002432754,0.989475597310557,1.07349855723063,1.04659998267691,1.04897322767993,1.04769451446491,1.03437541476881,1.04717158721562,1.01229780697131,1.06700470220012,1.07250826226137,1.04083676317702,0.916876130241199,1.04296921547477,0,0.785375679425011,0.714608171775404,0.936349892791786,1.00926061275236,1.01205847509253,0.96570070661087,1.03314523592456,1.08656410345858,1.06495656246029,1.0546848893075,0.981914830525626,1.0248194355873,0.954386825840221,1.04696717263886,0.944972224169694,0.993953299030853,0.982825660110028,1.08020481951365,0.893657683350453,1.05503000621359,1.02431670012165,0.973475088078939,0.907629359970631,0.941402072889788,1.0412264012823,1.06589441873803,1.0432865762151,1.01261296407054,0.960999503602644,1.00287015193912,0.955160926862829,0.936241485030365,0.955938360907381,0.949333350932076,0.957568753406403,1.01966723028441,0.991879962178836,1.0570629404847,1.02103714353684,0.974904693452378,1.05729132825255,1.04974266430783,0.910502338673277,0.999281179281127,0.951440930904741,0.907112576761776,0.904696965056457,0.854211847679954,0.900653005103323,0.992920247754306,0.832177282326229,1.01563519969042,1.03471468057992,0.976309872488232,0.971573315336259,0.987670855523321,0.9282133429055,1.10410792892762,1.02250313455692,1.05153270336422,0.975136282896283,0.985400682450733,0.990003329761323,0.948640889823307,0.956145561286468,1.03185579636693,1.00430607474808,1.06272696109456,0.95141347151165,0.999527396629393,0.957893666797864,1.00908113610591,0.898771324078211,0.938154333041452,1.04318939611456,1.01451316147969,1.06423658284965,1.05167348037454,1.07740511483366,1.08516918811437,1.11882507325249,1.09452113027526,1.07611172496069,1.07030352084713,1.04088966514552,1.05082925181245,1.03384303429416,1.07945663037937,1.0049085012975
"Cazotte_Honneur",0.94384634590209,0.99493693925858,0.996679549757518,0.925933899147894,0.989054809194451,0.990502684705903,1.00131381451951,1.0045150727002,0.997723851870017,0.899267494114818,0.971665652714165,0.907291836749239,0.958279134848503,0.98474611191981,0.92427223245015,1.08051647225946,0.973020837640573,1.04096284717056,0.785375679425011,0,0.697973475938116,1.10670254095703,1.01808800751756,1.07280656630009,1.13749132822649,1.00510936624415,1.0439075051613,1.06140404972549,1.0671971756557,0.969704667279114,1.05972747487828,1.06139551912422,1.04401755391851,1.00476057428764,1.01496706367652,1.03756304098694,1.0513035690379,1.04782231463891,1.03048750846861,1.00363568042404,0.954267466153398,0.980706665259218,0.931703334320692,1.01204571593451,1.03790306175121,1.00865759261606,0.99262041253532,0.990399157469244,0.940731864381477,0.951515278474714,0.978005777235251,1.05701035657027,1.00030796485726,1.01202063315327,0.943289681487077,0.990016512012158,0.97191137496161,0.994986702389406,1.01156052565452,0.935531402220396,1.02164618939971,0.988270904946155,0.962126482616861,0.908800255447067,0.98731336787922,1.00323047844685,0.97623913618055,0.962582774982258,0.97655738784264,1.06954967054146,1.04861755955089,0.918394852694812,1.0740869192773,0.998260650883078,1.02158167624225,1.07356226461627,1.06200517799384,0.971760377759656,0.956163587132243,1.00330260388259,0.966781070184272,0.996654620439878,0.961677856796549,0.938025567282181,0.973005670597832,0.986854565967291,0.999116653688046,1.04146862091048,1.02605376664514,1.02077107445966,0.965588809089341,0.994553216957715,0.9855507604557,1.01055137752351,1.06318532863526,1.10779904094769,1.07563783418824,1.07663804772782,1.08992276394812,1.1081047542625,1.04840242713648,1.09844446210871,1.06235561419161,1.06058512238057,1.08241715562114,1.11041215235894,1.0807107440064,1.03323751983762
