"","Arnaud_Adelson","Arnaud_Anne","Arnaud_Bal","Arnaud_Batilde","Arnaud_Clary","Arnaud_Epoux","Arnaud_Fanny","Arnaud_Julie","Arnaud_Lucie","Arnaud_Matinees","Arnaud_Nancy","Arnaud_Sargines","Arnaud_Selicourt","Arnaud_Sidney","Arnaud_Zenothemis","Beaumont_Belle","Beaumont_Clarice","Beaumont_Prince","Cazotte_Diable","Cazotte_Honneur","Cazotte_Ollivier","Charriere_Caliste","Charriere_Femmes","Charriere_Lausanne","Charriere_Neuchateloises","Charriere_Noble","Charriere_Observations","Charriere_Ruines","Charriere_Sainte","Crebillon_Atheniennes","Crebillon_Conte","Crebillon_Nuit","Diderot_Ceci","Diderot_Jacques","Diderot_Neveu","Diderot_Oiseau","Diderot_Pensees","Diderot_Religieuse","Diderot_Supplement","Ducray_Cinquante","Ducray_Coelina","Ducray_Soirees","Ducray_Victor","Duvernet_Devotions","Duvernet_Guillaume","Duvernet_Retraite","Florian_Estelle","Florian_Galatee","Florian_Numa","Genlis_Adele","Genlis_Chevaliers","Genlis_Emigres","Genlis_Meres","Loaisel_Ainsi","Loaisel_Comtesse","Loaisel_Dolbreuse","Marmontel_Belisaire","Marmontel_Contes","Marmontel_Dejeunes","Marmontel_Incas","Mercier_An","Mercier_Jezennemours","Mercier_Songes","Nerciat_Aphrodites","Nerciat_Doctorat","Nerciat_Etourdi","Nerciat_Felicia","Nerciat_Monrose","PigaultLebrun_Adele","PigaultLebrun_Enfant","PigaultLebrun_Kinglin","PigaultLebrun_Metusko","Retif_AntiJustine","Retif_Paysan","Retif_Paysanne","Retif_Sara","Retif_Vie","Riccoboni_Ernestine","Riccoboni_Histoire","Riccoboni_LettreJuliette","Riccoboni_LettresAdelaide","Riccoboni_LettresFanni","Riccoboni_MissJenny","Riccoboni_MylordRivers","Rousseau_Emile","Rousseau_Julie","Rousseau_Reine","Rousseau_Reveries","Sade_120","Sade_Aline","Sade_Crimes","Sade_Infortunes","Sade_Justine","Sade_Philosophie","Voltaire_Amabed","Voltaire_Bramin","Voltaire_Candide","Voltaire_Consoles","Voltaire_Eloge","Voltaire_Homme","Voltaire_Ingenu","Voltaire_Jenni","Voltaire_Micromegas","Voltaire_Oreilles","Voltaire_Princesse","Voltaire_Scarmentado","Voltaire_Songe","Voltaire_Taureau"
"Arnaud_Adelson",0,0.669896201143665,0.875575959062346,0.706158556964456,0.76405471806828,0.591722228792393,0.685718444219026,0.784582979543717,0.662156725963737,0.667836298768416,0.712638502498233,0.803303864521092,0.640967651794969,0.710241974937697,0.705479171325434,1.05296220773521,1.09142667960438,1.05075360167076,0.99262367585045,0.941460832646808,0.947251800143808,1.11406823902095,1.15092168845997,1.15092008355199,1.17478321379494,1.05262427805821,1.11501762296534,1.10909897531406,1.15533749472502,1.03928582426039,1.11573609568266,1.07851671947434,1.06163687827101,1.11841184201023,1.14500478058338,1.15777579393256,1.07349537806302,1.07005797862572,1.09084798297736,0.98617880608092,0.923554229694531,1.01806315089348,0.868409674793285,1.14934437567966,1.10543706232329,1.10876289340466,0.90333239451831,0.929269719244513,0.886516213848137,1.09156977938633,0.938007678077685,1.13914565444515,1.05428221959765,0.982437879356278,0.76510684584501,0.897058922494645,1.02675354500746,1.0340269964377,1.050993893348,0.891199684196255,1.05241893499903,0.887610887514447,0.933512657659736,1.10832854977967,1.06129004402677,1.06284374117464,1.089451446464,1.10497588140898,1.0836384051695,1.10933272381795,1.16047334824359,0.884493177838896,1.12267996836183,1.09112170937179,1.10758327398443,1.05713438233377,1.18455244778098,0.964724034181487,0.998171630062513,0.931899575653296,0.942416130352157,0.968753847891809,0.930473602310324,0.987727322692681,1.14925737661114,1.02366425091879,1.13385087782799,1.06344407752277,1.12838968078066,1.05413140177049,0.896945654241657,1.03863567637822,1.00476176284937,1.07158818404291,1.09714118273654,1.07680731072855,1.16318002361718,1.08881692976038,1.12563100837572,1.18015140503509,1.10720076842134,1.11826997516295,1.13650365414558,1.14454067466142,1.14043180755127,1.1298674090304,1.13259976164575,1.11879227370238
"Arnaud_Anne",0.669896201143665,0,0.945755538297502,0.717033766105228,0.681921101323596,0.601549399281502,0.62764687476211,0.678184469357935,0.670097552150099,0.719729819179654,0.675567582763199,0.831217208418878,0.738367324048719,0.645622623009958,0.707809632498941,1.06458277676543,1.04124985670483,1.02100717527731,1.05688929213456,0.990248040071816,1.02306794641542,1.12802198176622,1.12707191919111,1.1256565577784,1.1566840921338,1.04400428157127,1.11207407073643,1.09572795754724,1.1289953328144,1.045438611005,1.12582639729655,1.09228005866997,1.05003583830633,1.11458361285447,1.13230038126462,1.16925628450978,1.05428950238964,1.02669543704064,1.02902169297168,0.979567302902762,0.96427156879932,1.0237221089324,0.911416211269713,1.12455452481158,1.10675274289999,1.07638863150046,0.943590385727721,0.980823913567995,0.873448185257928,1.0930190271736,1.03030924684041,1.15431118737844,1.09124108089134,1.03185344537,0.773345964352022,0.886179172242579,0.987074933158174,1.04518990123848,1.06924916658881,0.900676954445942,1.03040925814429,0.918197432405007,0.901899413012668,1.15934407931267,1.11187148097916,1.10229368873067,1.16698636029078,1.19767351590471,1.06997030536084,1.14358572564332,1.15836459912304,0.928235985109354,1.15404941166183,1.09873633496782,1.10306693458846,1.12999135290615,1.08474316256444,0.957250321562601,0.979154105708287,0.971693088787074,0.98893204973494,0.973086652378178,0.909289485393177,1.01158787813412,1.08070361178,1.01707807934616,1.09924217041823,1.11130271837465,1.15208809645899,1.06293591294693,0.959759729697009,1.05353547320611,1.01369452386223,1.02285163337773,1.10082992117609,1.07506513159619,1.15203012387178,1.07870672919764,1.07421114785902,1.14591801816588,1.10636673814518,1.08275820761675,1.13439194293401,1.11253201608805,1.16578409144735,1.10884811406937,1.1013994735815,1.0905995338748
"Arnaud_Bal",0.875575959062346,0.945755538297502,0,0.890051827086473,0.917194775780363,0.767307186393574,0.861693308744518,0.911057537403073,0.831526696153304,0.873539128385952,0.906675898353311,0.926379743912559,0.851634827218133,0.889563377971836,0.991034168373591,0.997976575993068,1.09739749676691,1.04341216201496,1.05261731906007,0.977270373949534,1.05492801477001,1.0933583621389,1.04633525063157,1.08010280708639,1.05288448037802,1.0288693781974,1.02404421205572,1.05345531970113,1.06559387958645,0.988328751299793,0.943969261006024,0.970785011511314,1.02373154290548,1.00836513981311,1.05791183653759,0.968346140908863,1.07254781654565,1.10486284000655,1.05959260290165,0.981391119372969,1.03073583973552,1.04125020708883,1.01938091187815,1.03686358037051,1.0859414650139,1.04019129295515,0.99878829189443,1.00643488075726,1.04255448129222,1.03699281669613,1.00575853863374,1.11631542856319,1.04914249970245,0.996347597205617,0.984374618913084,0.986038251727768,1.07080052582806,0.861087385581579,1.03880567850635,1.03150023081208,1.12104179141518,0.973598649733427,1.03417926898638,0.980337950894937,0.991495836766809,0.936880389674482,0.920209297546579,1.00975106518011,1.01233133423565,1.06384320685593,1.04773454934062,0.972184767874853,0.978683837717825,1.01598541810021,1.02980142286646,0.974825510706814,1.09425465546985,0.944586150706255,0.892823009806145,0.972531059431883,0.966142683547121,0.893947519279343,0.993260883700326,0.980388716755983,1.08089391799553,1.01162163055181,1.02001096616369,1.07833853964664,1.01898615505263,1.07866734590783,0.96999278894633,1.08017434294538,1.05686517414754,1.02237837756988,1.046316904824,1.04507904001215,1.0667777442837,1.03906937303158,1.09090107255221,1.09337912138839,1.01858035154886,1.1127892994721,1.06494764759016,1.09735543584949,1.06257032908014,1.1254276070972,1.06512952554257,1.0669592851593
"Arnaud_Batilde",0.706158556964456,0.717033766105228,0.890051827086473,0,0.762034707209728,0.653275601367817,0.768181406149264,0.813133101408492,0.646519103114051,0.715206543890751,0.818851500812437,0.797561434611527,0.667194620642422,0.715042692026035,0.705116003664273,1.10027879096584,1.07988171047876,1.05372288006063,0.975423867907263,0.929885791921125,1.0101396638739,1.11618424362559,1.1278800218536,1.1121975021483,1.14996131556267,1.04656450074592,1.05678605783232,1.09652581605325,1.15554466841724,0.949097324222448,1.04416154231793,1.04232949886488,1.0582117865852,1.16202853403291,1.15898367697758,1.12659294108694,1.06943717543286,1.06305864608596,1.08093027489966,1.00981596832208,0.999209610683507,1.08676826804551,0.968984834073481,1.09844843173027,1.09309985141837,1.07654243037977,0.940843187851201,0.966659965715771,0.84320802223213,1.0401906803,0.960316773647038,1.15411167916444,1.04298960799528,0.983373363820219,0.877902558290317,0.951460004077527,0.927296712804559,0.94047726437833,1.03535725016544,0.914122779602585,1.02462056197028,0.922891097004269,0.9353623376411,1.16057214020914,1.09756991409998,1.08116241487383,1.15311230946006,1.18447690546014,1.10181589669122,1.17070897318456,1.18131852912931,0.909041733134622,1.16782932000513,1.07851486021438,1.0946193170852,1.11065756975016,1.13248844684667,0.93491601588401,0.955807803923047,0.907502064107997,0.928236819630488,0.918666350865957,0.874593807900745,0.954491224402106,1.10263568718016,0.98714552813671,1.07518176419076,1.10051981536914,1.18654886803582,1.06929589292636,0.967394137169503,1.12218419424925,1.07473292731179,1.05444217724268,1.10740373092723,1.06234695477618,1.18209749967869,1.07676527232594,1.07707191680417,1.17052686807988,1.15145477744096,1.13764821311421,1.15436852502656,1.1237926917768,1.14073354296414,1.09152165024798,1.09769881072377,1.04837455696646
"Arnaud_Clary",0.76405471806828,0.681921101323596,0.917194775780363,0.762034707209728,0,0.63983227646037,0.687561859726027,0.694179784598087,0.75201477904418,0.765061196033936,0.768655374068927,0.888815433787265,0.749602714498242,0.691973098891021,0.775111784974965,1.08142804206657,1.02599705094882,1.11160095320291,1.02175600290564,0.982627803985316,1.0518610601451,1.07964246641567,1.10962339292149,1.11965257116111,1.1075776168635,1.0684865178718,1.09524277702852,1.07949033350971,1.15448996736643,1.04691042267279,1.14684881715185,1.06365687932919,1.01435131623109,1.11202966972451,1.12894465553983,1.1370378111727,1.06738867255382,1.04558250745066,1.04899708030805,0.971231431797466,0.992747566508067,1.01382704151219,0.930916122248484,1.10926777048053,1.10264932511834,1.08691766818309,0.96899017959304,0.957466846441249,0.927597644439894,1.02088784580584,0.989023597548345,1.06922233064104,1.01772032857016,0.971656936993622,0.925382074819094,0.882439413449341,0.997315123872796,0.964870960202237,1.02529330109978,0.959367574118371,1.02844841295976,0.925683570032146,0.928343435273957,1.13898738581975,1.05488443145357,1.04606401946175,1.10364455799297,1.1234739957609,1.10326464957105,1.09458669405561,1.17000487152736,0.99184926912127,1.10817645987509,1.01741601116327,1.03019460601692,1.03443972497167,1.06510396787857,0.965218098376668,1.00923487374552,0.946319922404768,0.978239949143887,0.930848170675057,0.91029866022519,0.967219314901833,1.06973604126058,0.950509047167032,1.13401673107966,1.04419182076771,1.16168892525841,1.04642210475025,0.959328282166416,1.03200002232891,1.03492675939265,1.05240684000513,1.07478249132083,1.06245337685588,1.15054194713655,1.08322096978585,1.07803860184192,1.14090220066067,1.10043028527014,1.09343659447888,1.13090194001308,1.09267123482676,1.14735661390702,1.10405293908299,1.07582942687749,1.12548122908203
"Arnaud_Epoux",0.591722228792393,0.601549399281502,0.767307186393574,0.653275601367817,0.63983227646037,0,0.705244002235314,0.741795418915674,0.574341852370678,0.559733004486921,0.708640090747996,0.841651523799174,0.590907091267528,0.593536941708641,0.696555794692901,1.13049275761812,1.03351105137889,1.10415719253761,0.999255023597297,0.986870641477232,1.10900305445179,1.07097929166272,1.14278203291827,1.13477839870241,1.12237074070846,1.12014791872079,1.10516542949052,1.10937616042588,1.18556624813202,0.918680434429158,1.05155039322651,0.969829266795717,1.05435563042771,1.17461295194297,1.17701999211646,1.20314332738262,1.046878792771,1.06235986022897,1.07224170260863,0.9677938845281,0.958897848851757,1.03050453357299,0.905152643441721,1.18540792509289,1.15733796821839,1.17793264747145,0.994849478205404,1.00676617751643,0.959472891337697,1.05306014746791,0.980455191479646,1.14023187378203,1.04403017911722,0.957438716068888,0.826940833020927,0.879322750888888,1.02227926757083,0.974184409195822,1.04278803737723,0.962811717619711,1.09668503993047,0.880155245451635,0.940712958530068,1.14309632939567,1.05116942793874,1.03707489521495,1.08092597592883,1.1295501174462,1.13658369402178,1.15467892989111,1.22604740616719,0.981768524619482,1.14888380341505,1.02671646256516,1.07831288013162,1.02937863670008,1.16943262099957,0.95827298043012,0.960427671776175,0.878786675551252,0.900227402828871,0.848572552447419,0.876731152244482,0.958436995137517,1.11415056997545,0.916449948601569,1.15285590383566,1.00329391304839,1.20279549511134,1.02123151815943,0.920266788597405,1.04145559076732,1.01923377412465,1.02566930925118,1.0845021302401,1.05922751293522,1.21713221985979,1.1235710843969,1.11770050594131,1.191304790419,1.13257904286421,1.14572517300622,1.16464775397454,1.14464053340645,1.24371158587312,1.13401227644843,1.14993818848869,1.16735096008061
"Arnaud_Fanny",0.685718444219026,0.62764687476211,0.861693308744518,0.768181406149264,0.687561859726027,0.705244002235314,0,0.756788999055102,0.742029655947278,0.753677272408974,0.734439411168884,0.83265494195052,0.78693401951995,0.720038502903659,0.75711207879054,1.05428283817068,1.07133864889161,1.04644191177353,1.07198484111552,1.00952896375522,1.0226150333861,1.12245405620369,1.14651686043634,1.13947291601215,1.16616975661608,1.04706867245052,1.08295131985685,1.04119628911126,1.126966706031,1.11693903619625,1.1371474528913,1.10595486856817,1.01176829400406,1.05109089896958,1.07113273600034,1.12583949558433,1.08016982218958,1.11652060195395,1.00587996995317,1.00353857938327,0.964529523017961,0.991882195119264,0.942786857329682,1.04609683692175,1.06752718689666,1.05295963827361,0.954167725331768,0.975914021887368,0.887212872910819,1.11558358542443,1.02522327649184,1.11495385981864,1.08514069863969,1.04111498762315,0.846879556825885,0.914018449937295,0.993266760078162,0.980692441061159,1.03462693145786,0.906372206801129,1.04352860116815,0.968623698118458,0.923192335962391,1.08801281041329,1.08561617755912,1.09266058351931,1.12329070382538,1.1288001683291,1.05994963166222,1.13566829227439,1.12879314067422,0.931657216690589,1.05837500126724,1.04890238561855,1.05117573741303,1.09328504340735,1.03870906532824,1.01341508236557,1.04123376378515,1.05313345098285,1.04552121519697,1.01199083917306,0.999009278581713,1.05778673224533,1.10990466323021,1.05888910919698,1.07510402049368,1.1540433092962,1.11115235194944,1.08362690166164,0.934619931087459,1.05473229851049,1.02875008157038,1.03001710906096,1.05551069782479,1.04702970318439,1.10065465288425,1.06120321696492,1.09200247950834,1.11606775598406,1.03693365473157,1.06091444722727,1.12372264326496,1.0775803006416,1.04730079109771,1.07504917718488,1.07762732105504,1.06985772820531
"Arnaud_Julie",0.784582979543717,0.678184469357935,0.911057537403073,0.813133101408492,0.694179784598087,0.741795418915674,0.756788999055102,0,0.772275479515433,0.776517715253009,0.737060814026734,0.85273818510827,0.820992547017798,0.742503313612657,0.741351650741463,1.08531228030151,1.04102207933428,1.05013693681359,1.04731992657474,1.01860738310777,1.04856556583753,1.11632343090336,1.10117566600433,1.10285499689142,1.17125858718698,1.03863808190847,1.07369943843065,1.11180346584826,1.14068209915629,1.01806554970628,1.07677082654002,1.07820592204684,1.05246468698705,1.15421010233036,1.09317267219248,1.12120798418079,1.04140923162655,1.10344163998275,1.04105076320572,0.999881672900496,1.03430567105464,1.06827462448402,1.00857228031517,1.0819836209795,1.08834098836103,1.03479931226552,1.04144051945319,1.08159910076627,0.992193457859039,0.996179464802741,1.02487589158555,1.10703312669669,1.0194084438546,0.965555755509798,0.868050358579756,0.815378831719885,0.96832862568485,0.934972266029874,1.08601392281263,0.98626862853781,0.951543089019532,0.945969093841749,0.927063310636529,1.10743244308847,1.06599139486176,1.02956676311087,1.08535296815715,1.0900563918718,1.01662966360566,1.14763573750094,1.11026207780958,0.962915302870713,1.17932036897514,1.02965400200476,1.04938033958815,1.07772785167755,1.02671151948039,0.939912193849531,0.943681999804108,0.952658023203299,0.983656693560624,1.01751566745954,0.962564368690844,0.97090228189034,0.987372884902287,0.962528056370918,1.0649320326696,1.02701458034838,1.10286872291993,1.04583414001613,0.960813667683309,1.03167097637654,1.01964684554447,1.01063632925084,1.08335320247618,1.07383669049457,1.14737251707742,1.07165929945292,1.06011088346901,1.10823180428277,1.08130300082923,1.08103066366861,1.11844418732734,1.1048102083528,1.10037251799032,1.10754480328611,1.04921035453439,1.08237954828843
"Arnaud_Lucie",0.662156725963737,0.670097552150099,0.831526696153304,0.646519103114051,0.75201477904418,0.574341852370678,0.742029655947278,0.772275479515433,0,0.68688510630392,0.770316267726328,0.869305928471956,0.602305958143628,0.72809762060773,0.72019240654626,1.07371042509097,1.12966813531899,1.08144062049394,1.03345686636948,0.995896002380257,1.08749383867284,1.10755374957788,1.13367102447341,1.13951827062009,1.12774643684437,1.04308730198398,1.09251589029282,1.1012380933541,1.12446676884068,0.984787583064676,1.06230244484771,1.02500170498454,1.02527938374694,1.15379414242351,1.17457733423492,1.15750323879111,1.07430119257523,1.05223966881857,1.11018101349052,0.979271027462345,0.984556995806339,1.07059499027883,0.940552917827555,1.10798045789217,1.12608318251715,1.07193142022846,0.952414390697446,0.962079926476313,0.894484532046208,1.08141710304458,0.972356156799965,1.16933943488738,1.05638144220406,0.987977184196606,0.803391134763201,0.910073654633812,1.05134820093221,0.967157785066987,1.04981697367532,0.937294741642411,1.09156776321985,0.922179159343072,0.989757391852268,1.1253212683153,1.09131101029509,1.08013371889913,1.12529145155103,1.17177163044115,1.07814729032544,1.16920176036852,1.17181213403572,0.91256564680576,1.13038780118316,1.08347447294772,1.07118978265449,1.08416561186557,1.14774903158825,0.950049708374582,0.931409773765215,0.922727194077539,0.892476332005149,0.903136003376633,0.878193146172848,0.966095430757281,1.14578249059823,1.01318496097984,1.08785963195959,1.09111404955085,1.15512600137613,1.05735282948521,0.934215519422347,1.08668903762092,1.05037651852508,1.04709021770225,1.10218874655354,1.04613779020909,1.20583406009951,1.04688852153429,1.08877471628068,1.18568375054274,1.10865871081835,1.13489009774402,1.13918506220612,1.13255111039394,1.17579297005141,1.11830975160037,1.07631115989228,1.11299610566813
"Arnaud_Matinees",0.667836298768416,0.719729819179654,0.873539128385952,0.715206543890751,0.765061196033936,0.559733004486921,0.753677272408974,0.776517715253009,0.68688510630392,0,0.692856032193571,0.782946922027872,0.613960515138111,0.697401351250621,0.705182837028718,1.14405072886045,1.00200853765249,1.09816295326269,1.04093246907731,0.910058231636974,1.06617168115215,1.1007525959079,1.10907793735642,1.09422696091528,1.14533413150655,1.09115330633019,1.04136026498931,1.07790170149088,1.09135821784277,0.893043829653642,1.0351315512173,0.975911275648829,1.00749824400735,1.15185840687487,1.1599738325994,1.15336029976448,1.03672524071692,1.12685151739893,1.10026881258746,0.968478101299147,0.983853520546237,1.03343095153305,0.959825070740606,1.13345209988077,1.13336926679394,1.10611742489392,1.04905950539405,1.093643197527,1.02739368543741,0.950660461352361,0.967123216993087,1.09021522095632,0.981878053806741,1.00651907415392,0.932709310360776,0.968043515933729,1.04492260574552,0.970682747380726,1.03436365695124,1.05194756505391,1.10392698070041,0.967325213659942,1.04276032191537,1.06246120309016,1.00551023698447,0.995213529046886,1.03847074349944,0.997166232586748,1.01005386685914,1.1933467912876,1.1460240542898,0.958222837516279,1.17478777153625,1.03136925603509,1.07485486437299,1.05849527353828,1.0798489055879,0.904481711613382,0.904775565612735,0.911622661258358,0.885954487022917,0.915474371901006,0.833017915093777,0.849554343028801,1.08471981497136,0.998054404666699,1.09412198757146,1.03255030539991,1.14016699487996,1.03819267787662,0.919988498494534,1.061031551534,1.03292592978048,1.02075731595516,1.14679494784185,1.07454705283035,1.24249589257478,1.11366287141698,1.12398561451004,1.1797379799806,1.16823077260767,1.18412032071408,1.15406887894625,1.13750579381482,1.19880182633395,1.16565351334936,1.09613072076702,1.13842061309449
"Arnaud_Nancy",0.712638502498233,0.675567582763199,0.906675898353311,0.818851500812437,0.768655374068927,0.708640090747996,0.734439411168884,0.737060814026734,0.770316267726328,0.692856032193571,0,0.863582207214128,0.762757014850756,0.834932092879775,0.771161132845371,1.03854140992104,1.03588875677018,1.02846881615966,1.02323257968045,0.962469470205495,1.01822042142255,1.06969672969487,1.13195622995127,1.08686425234206,1.15197672848738,0.99729020791512,1.09384433239621,1.058170981089,1.08647452645969,0.980776183138465,1.04949716638179,1.03456414174562,1.01345255839852,1.09878119811553,1.13590750029721,1.07502699043995,1.06554417916502,1.05981670772379,1.09319279723828,0.970566354553853,0.973466293382784,1.00971397924871,0.961670765383551,1.08969512350328,1.11826364174495,1.08660125330664,1.03581456170446,1.01298899857328,1.00110827217316,1.02805217706816,0.976111080370504,1.1304491349521,1.04229106993629,1.02727842119907,0.908486590150022,0.941147039342708,1.06764107385443,0.937219448406798,1.02354427954484,1.00760205467066,1.07715828316758,0.966949821323174,1.01774929970335,1.13855704130301,1.06958602733706,1.02099948529547,1.05267752976544,1.07662829586102,0.99151951608902,1.0947703908617,1.09661735601511,0.8926705256681,1.1204511084635,1.07028502750129,1.08373843953121,1.04646777833666,1.05197725193791,0.906449411947109,0.902950393972445,0.953652468434649,0.93989998277986,0.981527247189596,0.879784702386279,0.961740978070358,1.08152192312047,1.04683156018579,1.08039859616646,1.0855823546738,1.13108454196951,1.07961732695073,0.936394904525493,1.08025896016668,1.0864287277716,1.10193882578445,1.11899329070385,1.08772309981735,1.16755060312971,1.06521355376662,1.07675630866638,1.15496399425901,1.05690884263276,1.12677854641034,1.10448726034982,1.11988376197348,1.0966300576089,1.12142725654613,1.07688705292327,1.11544826856317
"Arnaud_Sargines",0.803303864521092,0.831217208418878,0.926379743912559,0.797561434611527,0.888815433787265,0.841651523799174,0.83265494195052,0.85273818510827,0.869305928471956,0.782946922027872,0.863582207214128,0,0.842460593677629,0.825855657742852,0.758270944383385,1.06096234687662,1.08759766232921,1.03806196810943,1.03592223177596,0.904263095528288,0.904711812207491,1.13038602738237,1.10121885474038,1.10275374209342,1.11515333335186,0.993260245853312,1.01608420440369,1.06867653397255,1.05146696745321,1.05372227030445,1.09795210241479,1.12143758096138,1.03177669218305,1.07154283020221,1.06788703237111,1.07512021725755,1.03030251716771,1.12202782651065,1.06014749424063,1.04362360985369,1.03238813648696,1.02329267525143,0.980956621408804,1.05051335121352,1.05218743784948,1.05373283237787,0.921707782410218,0.982244232379213,0.865965653936139,1.04289624046852,0.941362935163945,1.08576419871826,1.05052713976945,0.99748029792967,0.912469753987751,0.934816058120283,0.9508096560647,0.955550453593374,1.01815790308641,0.895939121386193,0.908213799572136,0.946068787992361,0.887189504304417,1.04244762970279,1.05703004761223,1.05886324227951,1.06680392675095,1.08651294404175,0.998838194882692,1.08087816582369,1.04008398503467,0.867576591261823,1.10000424714099,1.07997687571924,1.10724143669998,1.12310997305502,0.991962360910887,0.991149305381948,0.982205987490723,1.00980546380832,1.03905961726015,1.04075549860922,0.978602693311728,0.99909166626487,1.04842546496489,1.05547415945563,1.0475724129325,1.09607774707086,1.08760820028038,1.12080507729358,1.02730917065613,1.15820595136825,1.12006938006421,1.062557313959,1.09145897720365,1.06493267708338,1.06574951083797,1.04279897114455,1.08687768959209,1.11551149464996,1.0646207503112,1.08524000207535,1.11236785422061,1.10023830468423,0.984104170436495,1.07214774084142,1.05355908093576,1.02334028975538
"Arnaud_Selicourt",0.640967651794969,0.738367324048719,0.851634827218133,0.667194620642422,0.749602714498242,0.590907091267528,0.78693401951995,0.820992547017798,0.602305958143628,0.613960515138111,0.762757014850756,0.842460593677629,0,0.749222636245061,0.735758793512023,1.0765710256316,1.0642507457024,1.0749766390552,1.01104285436096,0.95765317032603,1.05909663368257,1.08294740944027,1.11562540754943,1.09567158264741,1.13505087071697,1.05574742845851,1.09697880318928,1.10482766169635,1.10168429952844,0.901682447755159,1.02160681981257,0.951530502847035,1.03008442404144,1.14084733067213,1.174048256548,1.11918010647155,1.05707983905822,1.05169661271314,1.10339928699894,0.982438254576657,1.01411159033642,1.09716024261957,0.993449745629576,1.10550050358649,1.10343170162557,1.10510897286088,0.981251261684675,1.01413536513226,0.982539926125695,0.970000134054216,0.982091547260306,1.12848766867884,1.00631163848763,0.972767301026114,0.88952683617986,0.921821473494896,1.04930133903555,0.926024061039275,1.04015037638832,1.0173860957574,1.12715881959416,0.97079451460388,1.03435018436557,1.1076515797068,1.08950089273629,1.01659184990633,1.09482214735801,1.110666352117,1.0710957331029,1.18101121856499,1.17736866327398,0.954925252312279,1.16454392430608,1.07823676481442,1.09431958650422,1.06194767061674,1.18320800471753,0.905271194346964,0.872038375812355,0.86076243973058,0.827404426010864,0.841583086407852,0.873847254124245,0.907351245135298,1.1036406587008,0.984701852785211,1.10151313247244,1.07870129644727,1.18977257435089,1.07491623727784,0.965724983097609,1.11070175956244,1.10859512022235,1.05673535711642,1.12522824862194,1.04565209162697,1.21176358460663,1.07342386261599,1.10821092151761,1.20333122961605,1.14856660006421,1.15329900875227,1.13803370808265,1.12832722844642,1.18810112737152,1.13553311094501,1.07549650458548,1.11888847163067
"Arnaud_Sidney",0.710241974937697,0.645622623009958,0.889563377971836,0.715042692026035,0.691973098891021,0.593536941708641,0.720038502903659,0.742503313612657,0.72809762060773,0.697401351250621,0.834932092879775,0.825855657742852,0.749222636245061,0,0.685565420611642,1.11949411073823,1.08578591107568,1.09046349142266,1.07017252612727,0.976835479234915,1.06412829356294,1.12187963493266,1.14107583156803,1.11648677760637,1.16343063685223,1.08704106954691,1.07716147396349,1.14045977939343,1.1722911604957,1.06371553066949,1.16079219461353,1.11686321873036,1.05604848046023,1.15391461204909,1.10721545743623,1.18211559537791,1.02762732079238,1.13257964912499,1.04117254091746,1.04713615635576,0.999011334399274,1.03525404892518,0.961900408769735,1.11867807708674,1.08616798219324,1.08258908493079,0.946710124155571,0.984132301607535,0.889991830485078,1.05523374197804,1.01399935534066,1.13840307448674,1.08215728520994,0.912956243496867,0.840223265743198,0.7897207695706,0.946058660477828,1.01230355649339,1.06906448646399,0.903422379505691,0.911857311132661,0.917631333702694,0.82244942761177,1.12938691647346,1.09238946166507,1.09209466465304,1.10968330701536,1.1461597174138,1.09302817530408,1.13189872531452,1.15690058257262,0.941599235614291,1.15574126774101,1.07924206459699,1.11942622926692,1.12125284839604,1.04484873151588,0.98613962377387,1.03962728786975,0.987095113296251,1.00072516417537,0.993822602858212,0.962878373132053,1.00097314225871,1.04751042998254,1.00316487443416,1.1071564025772,1.02507273242945,1.13867161046325,1.04230109068313,0.988520085154225,1.06950599446235,1.00959490730072,1.0065364625305,1.02724652348757,1.06111954312017,1.11187848760399,1.08027484118609,1.0488751817432,1.07667119885705,1.07716190772017,1.04367026387436,1.08350296312069,1.10327452061772,1.10166178573172,1.07258320521124,1.0763503797271,1.08786382340432
"Arnaud_Zenothemis",0.705479171325434,0.707809632498941,0.991034168373591,0.705116003664273,0.775111784974965,0.696555794692901,0.75711207879054,0.741351650741463,0.72019240654626,0.705182837028718,0.771161132845371,0.758270944383385,0.735758793512023,0.685565420611642,0,1.13586799926143,1.07260580853612,1.04658687524765,1.06509058738614,0.939604733968438,0.999939289753056,1.16571563842007,1.15887859061972,1.15442180281284,1.19898105658794,1.0822870735968,1.0678572709967,1.1222947432751,1.15753839971626,0.998011365212691,1.10649128353518,1.09500521973432,1.0320001611554,1.17146435409998,1.12792291521946,1.13614893749332,0.990992750861969,1.11665291791321,1.03058933533471,1.0499008770356,1.01713933215726,1.09839340655408,0.979503306030664,1.09300738481295,1.07198950462695,1.10574466573882,0.968748231366819,1.013470399709,0.86207181624536,1.08565151900154,0.960041858586868,1.18454547192749,1.06869943229901,0.955597794466097,0.825763942197059,0.833969365327035,0.904291352689936,0.993789520631882,1.07108973086708,0.838368593471141,0.878698662012111,0.936263046068173,0.834462208998718,1.15180801634297,1.09375956621829,1.06935660266433,1.15079954394535,1.16885912659303,1.06748062532545,1.17055266036732,1.13011037604099,0.858678297230895,1.19147990143113,1.0861561913589,1.14224866559079,1.14519392145572,1.07215869924291,0.966483687888359,1.00302932425896,1.02290618571755,1.00761038561228,1.02543659330605,0.930874359266006,0.975482060273435,1.02359221654331,1.00021193744597,1.06305658765412,1.04682732046553,1.15128486791849,1.0341089175459,0.957697598628494,1.05969089870814,1.00663814457626,0.991248690437421,1.06880041680367,1.08693118109581,1.16819358761851,1.0673074685875,1.0642589100866,1.10252440302708,1.09956268159152,1.04793396375354,1.11031665711538,1.08334716640579,1.05143890532691,1.11007762138863,1.0556680134896,1.07018379771483
"Beaumont_Belle",1.05296220773521,1.06458277676543,0.997976575993068,1.10027879096584,1.08142804206657,1.13049275761812,1.05428283817068,1.08531228030151,1.07371042509097,1.14405072886045,1.03854140992104,1.06096234687662,1.0765710256316,1.11949411073823,1.13586799926143,0,0.964685838208289,0.797571679897072,1.04057588129718,1.06871590609462,1.05580254659402,0.87315517780366,0.931492259249182,0.922492468366368,0.927990249094338,0.931934559339562,0.997453553196985,0.921229074535919,0.877357625728729,1.12638889587879,1.02262234737212,1.05546146658701,0.996602146731706,0.931024983098216,1.01898767137151,0.940357334405308,1.07901376190985,0.94237112196021,1.05808762512374,0.983997009225229,1.03683054442247,0.978669189812412,1.03518624370492,0.968787241892664,1.00354437680959,0.967913765510287,1.00168468615419,0.950876802329957,1.06287879320809,1.05200310365173,0.994649720991589,0.908297908816202,1.02336339284492,1.10167970878635,1.07866101558489,1.14072145779731,1.10368101585923,1.05224712866847,0.955515994365633,1.06521398242635,1.09379619800607,1.06541757027172,1.08535806647097,1.04129275147343,1.06134420651705,1.06546011700494,1.02703625870602,1.07062021446742,1.0024168409783,0.960803955269896,0.955134561323411,1.07969494930066,0.908669108745243,1.04483106139968,0.982035715349935,0.949478002738121,0.920637467905549,0.989343002038671,1.00659815910301,1.04736864118879,1.02790398544899,1.01978581005445,1.03063646222995,1.09403266274262,1.13183651129186,1.15489515847606,0.977610026987819,1.10192660123229,0.980199105322939,1.09027910320597,1.11178645141921,1.03131301051441,1.09788085606724,1.11017085717487,0.984640923544932,0.987080179805796,0.866674549925847,0.903578674751539,0.97582071666055,1.01365884357386,0.911682513322967,0.999021428245412,0.967769529223607,1.01684473204473,0.923594048999495,0.981632305362678,0.984250885742332,0.956894278427123
"Beaumont_Clarice",1.09142667960438,1.04124985670483,1.09739749676691,1.07988171047876,1.02599705094882,1.03351105137889,1.07133864889161,1.04102207933428,1.12966813531899,1.00200853765249,1.03588875677018,1.08759766232921,1.0642507457024,1.08578591107568,1.07260580853612,0.964685838208289,0,0.967766521957339,0.922022890018359,0.971462434114933,1.00416696037461,0.874859453744467,0.892694309346836,0.94384823238227,0.886938900579186,1.01065954112062,0.978801259849844,0.925061663750342,0.952490484395582,0.879246046457933,0.985715179317307,0.928463624227118,1.01387318766154,0.982463831631662,1.03929176499579,1.00843546017052,0.995529484560069,0.904372857949714,1.02561344203508,0.990993553260084,1.00688959481117,0.941486037947969,1.02368219978009,1.02306652947016,1.02051794204013,1.02612192311483,1.08266435516122,1.07486701084896,1.13105787836014,0.902277048851873,1.05807387836316,0.818200073524865,0.939685112606736,1.09421063387532,1.14888750274882,1.14727876689911,1.01799287168103,1.08003857643899,0.989605285705139,1.14026563407356,1.04967423330145,1.06247241755991,1.15064413773337,0.990537753754604,0.992501093444998,0.939204247063861,0.949618578902118,0.914750675486371,0.978252286963157,0.969413717473564,0.960328929611168,1.07974384792735,1.05909785169545,0.909132276306346,0.884951518891121,0.961785489355695,0.862694207796723,0.991724497228287,1.0011513435447,0.952544606835819,0.994953420181442,1.03172565404953,0.923642568754512,0.983149006267179,0.958507833644582,0.93006122379788,1.00852271702804,0.95588758485191,1.01853220528484,0.895922270520419,0.989498382847632,0.855805898819255,0.942072954829441,1.01533633628111,0.97539008222516,1.05293084725508,1.01253403716642,1.07511428861799,1.00349804490507,0.907331489640603,1.05454262417609,1.0332293522117,1.04058704160204,0.972311043657997,1.07267668713378,1.01529356769319,1.06038374633703,1.07206336184958
"Beaumont_Prince",1.05075360167076,1.02100717527731,1.04341216201496,1.05372288006063,1.11160095320291,1.10415719253761,1.04644191177353,1.05013693681359,1.08144062049394,1.09816295326269,1.02846881615966,1.03806196810943,1.0749766390552,1.09046349142266,1.04658687524765,0.797571679897072,0.967766521957339,0,1.02583342571124,1.05617219541911,1.03915993187368,1.00612065912309,1.0400184148999,1.05773411419827,1.01848879708343,0.976755792138518,0.992393675851416,0.983678807364113,0.964644793450995,1.07322435702053,0.980484592611236,1.04744802813949,1.01357052508187,0.999983444376502,1.01885838792199,0.919754359678401,1.02364979512664,0.993575725654464,1.04053451976867,1.06569077897777,1.03742039681711,1.0286940652012,1.03461741905641,1.02186214213901,0.997055196920175,1.00494546636456,1.01402093371602,0.957990632371883,1.00507009926585,1.09133282408611,0.974047793677717,1.03417949355435,1.09496854190651,1.08306530394796,1.0442607423624,1.05317438958187,0.995523974008165,1.03235543135737,0.966509978955228,0.964151069414914,1.0297253995002,1.01672286856038,0.991172034497912,1.07006255043777,1.07929097326684,1.06664587265637,1.02973001343114,1.07138136281297,1.00704902672686,1.00551060783673,0.954986011327486,0.998590916057507,0.950295358732186,1.06264102874477,1.04500419093456,1.00639190052837,0.94928070211943,1.0065382854558,0.958355498394016,1.07439009892884,1.08502551796143,1.10654476414037,1.02233200595045,1.0850106518321,1.07656754177073,1.12309354036134,0.950687962504079,1.06310561782478,0.979930112214865,1.04944819669198,1.06252083520447,1.01141179124429,1.03404172149499,1.06822810073714,1.00190733862392,0.992711663358098,0.91907828351202,0.9253788751795,0.982549983502846,1.01197305332262,0.938035579829795,0.926459664282531,0.986444903379211,0.999051818398737,0.923441046138551,0.985423632654547,0.979696971406284,0.916235167530137
"Cazotte_Diable",0.99262367585045,1.05688929213456,1.05261731906007,0.975423867907263,1.02175600290564,0.999255023597297,1.07198484111552,1.04731992657474,1.03345686636948,1.04093246907731,1.02323257968045,1.03592223177596,1.01104285436096,1.07017252612727,1.06509058738614,1.04057588129718,0.922022890018359,1.02583342571124,0,0.799884523853975,0.726246367313153,0.956225607504676,1.02309418893893,1.02220510716143,0.98783901997737,1.04299645727586,1.07477054004701,1.07474369968174,1.05966169838581,0.968438167887176,1.00821604950684,0.958249262635477,1.05324166012051,0.965605029201725,1.01005485187273,1.0186221837763,1.07051643542278,0.918366152815428,1.06119190750265,1.0107168651564,0.958694030753491,0.911609267699478,0.924469920278448,1.04609276087355,1.053478567914,1.04331869414937,1.00617843653042,0.978313759527867,0.992439104869023,0.955255813116497,0.945401947969333,0.975632854437439,0.956254293332441,0.969735057074134,0.993845998250132,0.971376251135877,1.05849614093758,1.0296403662612,0.967446058230225,1.0300583560318,1.0262675587648,0.93253764659586,0.982910560845077,0.950726122006848,0.925375093219268,0.91263642286636,0.891994752294642,0.907901107650977,1.00059741993015,0.86278237508315,1.01349916132469,1.00915791901318,0.979066417927667,0.977399062128805,0.994150820726469,0.927723926488304,1.10115079813006,1.04483198939268,1.03943097943245,0.97062055193859,0.982893605363664,0.996483940157064,0.944211355137854,0.950514387511474,1.02649222006903,1.00111167265653,1.04196062155144,0.961876544927082,1.00085425216822,0.96230673706218,1.01163233642542,0.930407078752018,0.951935972674858,1.03984516113677,1.02635676438824,1.06596418377703,1.05253181028464,1.07715773669474,1.07000301668332,1.10580760587937,1.09407472379983,1.05321897354065,1.0401653897472,1.03669291405677,1.0590772461055,1.0569667021112,1.07274730548917,1.01047905621157
"Cazotte_Honneur",0.941460832646808,0.990248040071816,0.977270373949534,0.929885791921125,0.982627803985316,0.986870641477232,1.00952896375522,1.01860738310777,0.995896002380257,0.910058231636974,0.962469470205495,0.904263095528288,0.95765317032603,0.976835479234915,0.939604733968438,1.06871590609462,0.971462434114933,1.05617219541911,0.799884523853975,0,0.729698887504665,1.10084058294115,1.02349975908708,1.07483341600956,1.12074758253318,1.01668998636877,1.03499062265642,1.0727755478507,1.07088039382617,0.978782883161722,1.0527023753185,1.05906565468581,1.04665339185251,1.0087575464243,1.0105223807828,1.04457601416582,1.04149103282211,1.02911145952601,1.02418235613715,0.992804079546087,0.947250875709055,0.972101926368429,0.917408638337379,1.02376208107175,1.0415692430156,1.02766013932681,0.983497280503374,0.989731150222964,0.954681383364724,0.954181194405493,0.977637601520925,1.05757576021767,0.989594507878883,1.02387457813765,0.937978535268006,0.984986339216926,0.977347585004204,0.967980951667647,0.995230982422546,0.944914851565067,1.0331013588557,0.976619851707498,0.974664886959166,0.923903549515638,1.01050595127647,1.0055055885741,0.97901731998463,0.977910709872143,0.975250664314362,1.06519876897753,1.04303102224483,0.908600815873978,1.0803818056972,1.00250603118466,1.02685020820526,1.07393076748823,1.06989096740423,0.968810041885813,0.982634019894527,1.00367894337282,0.961336510924749,0.997064796753654,0.966738141100512,0.939500314898588,0.984869890382828,0.996894854604854,1.00869550590949,1.05003320655594,1.02482095959448,1.01686289522908,0.968460460065709,1.00715112500103,0.977744976466918,1.00014586662841,1.06579980252948,1.09950344261343,1.07676096385162,1.07283526515438,1.06715447789113,1.10657648596718,1.05396382396486,1.09541588971659,1.05708553731842,1.07148737944496,1.07865007108347,1.10424631152085,1.06728833755217,1.03705497586423
